>SP140L SP140L_C1
0.18028 0.31685 0.27117 0.23169
0.22381 0.31071 0.22177 0.24370
0.22177 0.29834 0.21491 0.26498
0.23768 0.24520 0.30517 0.21195
0.23595 0.24286 0.24278 0.27841
0.19042 0.28945 0.24386 0.27627
0.27657 0.16874 0.21718 0.33751
0.12501 0.17074 0.06990 0.63435
0.15867 0.11062 0.59965 0.13105
0.51011 0.15808 0.17320 0.15861
0.00462 0.97936 0.00809 0.00792
0.02423 0.06511 0.87791 0.03274
0.01491 0.01841 0.01198 0.95469
0.33695 0.09562 0.41559 0.15184
0.40034 0.09861 0.39498 0.10606
0.28230 0.25110 0.23100 0.23560
0.25330 0.18204 0.23125 0.33341
0.26338 0.16923 0.21917 0.34821
0.24592 0.15794 0.32556 0.27058
0.19991 0.15435 0.42433 0.22141
0.20551 0.15799 0.43960 0.19690
0.21599 0.14626 0.43484 0.20290
0.17796 0.15412 0.45665 0.21127
0.18038 0.19111 0.44589 0.18262
0.20621 0.18050 0.40312 0.21018
0.18496 0.16663 0.41378 0.23463
0.17632 0.17817 0.40308 0.24243
0.20780 0.17049 0.38633 0.23537
0.16937 0.17247 0.40953 0.24863
0.15772 0.17443 0.44504 0.22281

>SP140L SP140L_C2
0.24971 0.29082 0.23990 0.21956
0.24734 0.31829 0.21748 0.21689
0.23989 0.29989 0.24242 0.21780
0.21630 0.29958 0.26326 0.22086
0.19527 0.28565 0.27677 0.24232
0.20460 0.25303 0.28903 0.25334
0.21601 0.28699 0.25261 0.24439
0.21410 0.32354 0.24413 0.21823
0.25152 0.20968 0.31019 0.22860
0.23981 0.24822 0.19170 0.32027
0.18997 0.27633 0.31019 0.22352
0.25137 0.16671 0.21913 0.36280
0.05337 0.16998 0.03075 0.74591
0.11019 0.06454 0.74667 0.07860
0.60477 0.11469 0.13560 0.14495
0.00596 0.97753 0.00927 0.00724
0.01281 0.05558 0.91051 0.02110
0.00711 0.00636 0.00839 0.97813
0.39143 0.06667 0.45320 0.08870
0.43905 0.07863 0.41149 0.07083
0.28180 0.22773 0.26872 0.22175
0.28302 0.15929 0.22030 0.33738
0.24680 0.15153 0.19234 0.40933
0.22120 0.18386 0.29032 0.30462
0.21242 0.15741 0.40513 0.22504
0.18471 0.16136 0.47308 0.18085
0.19150 0.18617 0.45024 0.17208
0.19372 0.19078 0.42250 0.19300
0.18622 0.19957 0.39705 0.21716
0.18498 0.20153 0.38727 0.22622

>SP140L SP140L_C3
0.26904 0.27350 0.23230 0.22516
0.28140 0.28352 0.21049 0.22458
0.25475 0.29009 0.24510 0.21006
0.22077 0.29875 0.27517 0.20531
0.19147 0.30458 0.26278 0.24116
0.19912 0.25739 0.29410 0.24939
0.22243 0.28491 0.24780 0.24485
0.21300 0.34372 0.22508 0.21820
0.26737 0.20184 0.30572 0.22507
0.24669 0.23567 0.16567 0.35197
0.18617 0.27919 0.31981 0.21483
0.25157 0.16316 0.20780 0.37747
0.03767 0.13912 0.02045 0.80276
0.07425 0.04165 0.82332 0.06078
0.67799 0.09586 0.10823 0.11791
0.00662 0.97217 0.01334 0.00787
0.01162 0.05987 0.90734 0.02117
0.00798 0.00473 0.01099 0.97630
0.45470 0.05054 0.43424 0.06053
0.50128 0.06306 0.37373 0.06193
0.29443 0.23056 0.25409 0.22092
0.30374 0.15073 0.19361 0.35192
0.24850 0.13258 0.16572 0.45320
0.21937 0.19283 0.26132 0.32649
0.22105 0.16187 0.39729 0.21980
0.18773 0.17918 0.43742 0.19567
0.18841 0.19034 0.44013 0.18112
0.19705 0.20024 0.40337 0.19934
0.18226 0.22150 0.36483 0.23141
0.18832 0.21339 0.35833 0.23997

>SP140L SP140L_C4
0.16208 0.58278 0.16137 0.09377
0.17820 0.63114 0.11600 0.07466
0.19099 0.39966 0.18613 0.22322
0.20384 0.36335 0.18616 0.24665
0.26838 0.38888 0.17931 0.16343
0.21139 0.51152 0.08148 0.19562
0.14495 0.52481 0.14492 0.18531
0.27658 0.26963 0.25456 0.19922
0.19130 0.42713 0.14847 0.23311
0.06361 0.72220 0.11486 0.09933
0.12814 0.52509 0.10463 0.24214
0.16549 0.14393 0.07558 0.61500
0.29651 0.28417 0.11622 0.30310
0.42261 0.23752 0.27495 0.06492
0.51899 0.21765 0.13713 0.12623
0.06867 0.69322 0.11244 0.12568
0.19246 0.42533 0.32103 0.06118
0.31663 0.11953 0.05558 0.50826
0.19409 0.25766 0.13511 0.41314
0.40762 0.09979 0.41017 0.08243
0.47654 0.20709 0.14397 0.17239
0.13435 0.37738 0.27869 0.20959
0.27455 0.23063 0.27003 0.22479
0.18277 0.30600 0.18883 0.32240
0.46436 0.04743 0.33754 0.15067
0.43001 0.20548 0.12780 0.23671
0.13393 0.42676 0.32130 0.11801
0.34599 0.13045 0.38631 0.13726
0.20889 0.05999 0.19458 0.53654
0.23272 0.09698 0.50023 0.17007

