>SP140L SP140L_C1
0.20463 0.44618 0.19989 0.14930
0.23393 0.44711 0.17281 0.14614
0.21744 0.45161 0.17336 0.15759
0.23683 0.42104 0.17197 0.17015
0.21020 0.42106 0.19787 0.17087
0.22309 0.41154 0.18994 0.17544
0.21660 0.43439 0.17336 0.17565
0.24736 0.40130 0.16526 0.18608
0.24102 0.38273 0.17969 0.19656
0.26682 0.38237 0.16491 0.18590
0.26571 0.35577 0.18339 0.19513
0.23347 0.37996 0.19078 0.19578
0.22093 0.42355 0.18601 0.16951
0.21103 0.42658 0.18319 0.17919
0.18474 0.46313 0.16446 0.18767
0.20136 0.45118 0.16489 0.18256
0.23222 0.42778 0.14084 0.19917
0.28785 0.32193 0.16120 0.22902
0.36038 0.20665 0.16328 0.26969
0.31902 0.24042 0.18082 0.25974
0.24897 0.22285 0.23945 0.28873
0.11184 0.36842 0.10681 0.41293
0.13859 0.41042 0.12955 0.32143
0.96045 0.01359 0.01339 0.01257
0.02526 0.89284 0.05842 0.02349
0.00870 0.00999 0.97548 0.00583
0.17751 0.19232 0.14468 0.48549
0.12731 0.57434 0.11664 0.18171
0.63571 0.06458 0.19288 0.10683
0.36215 0.19773 0.17896 0.26116

>SP140L SP140L_C2
0.25306 0.28669 0.23039 0.22987
0.25541 0.30499 0.21099 0.22861
0.23055 0.30231 0.24778 0.21936
0.21336 0.30359 0.26807 0.21498
0.19474 0.28818 0.27870 0.23838
0.20377 0.24983 0.29788 0.24852
0.20321 0.28902 0.26289 0.24487
0.21490 0.33242 0.23796 0.21472
0.25461 0.21529 0.29930 0.23081
0.23944 0.24307 0.20004 0.31745
0.18419 0.29190 0.29914 0.22477
0.25873 0.17538 0.21489 0.35100
0.05385 0.17216 0.02933 0.74466
0.10653 0.07036 0.74046 0.08265
0.60551 0.11288 0.14012 0.14148
0.00574 0.97678 0.00985 0.00764
0.01346 0.05649 0.90663 0.02342
0.00812 0.00546 0.01183 0.97459
0.39313 0.06314 0.44905 0.09468
0.45060 0.07798 0.40009 0.07134
0.27968 0.23123 0.26346 0.22563
0.28514 0.16144 0.22036 0.33306
0.24191 0.15202 0.19919 0.40688
0.22804 0.18020 0.28454 0.30722
0.21052 0.14916 0.42238 0.21795
0.18973 0.15671 0.47491 0.17865
0.18713 0.18139 0.45728 0.17420
0.19087 0.19158 0.42543 0.19212
0.18246 0.20957 0.39152 0.21645
0.17758 0.20281 0.38031 0.23931

>SP140L SP140L_C3
0.26856 0.28186 0.21823 0.23135
0.27138 0.28262 0.22073 0.22527
0.25181 0.29577 0.23986 0.21256
0.22453 0.29084 0.27703 0.20759
0.19672 0.29989 0.26648 0.23691
0.19887 0.25187 0.29665 0.25261
0.23042 0.27851 0.24094 0.25013
0.21404 0.33102 0.23711 0.21783
0.26291 0.20518 0.31112 0.22078
0.24574 0.23191 0.16474 0.35761
0.18884 0.27134 0.32098 0.21884
0.26052 0.15434 0.21012 0.37503
0.03716 0.14273 0.01883 0.80128
0.07138 0.04250 0.82196 0.06416
0.67285 0.09612 0.10692 0.12411
0.00650 0.97070 0.01399 0.00881
0.01284 0.05922 0.90677 0.02117
0.00886 0.00526 0.01183 0.97405
0.45640 0.05043 0.43556 0.05762
0.51387 0.06124 0.36469 0.06020
0.29854 0.22129 0.25773 0.22244
0.29686 0.14354 0.21235 0.34725
0.25022 0.13167 0.16988 0.44823
0.22498 0.18695 0.26986 0.31820
0.22117 0.15308 0.41244 0.21331
0.17397 0.17905 0.45885 0.18812
0.19198 0.18671 0.43702 0.18429
0.19391 0.20475 0.40160 0.19974
0.18525 0.21807 0.37183 0.22485
0.18666 0.22110 0.35243 0.23981

>SP140L SP140L_C4
0.17825 0.38020 0.28947 0.15208
0.13257 0.58901 0.14346 0.13496
0.06870 0.79256 0.04031 0.09842
0.32134 0.25075 0.08230 0.34561
0.21154 0.19160 0.10673 0.49012
0.23821 0.22610 0.39379 0.14191
0.23365 0.38937 0.23681 0.14017
0.15053 0.51334 0.15660 0.17954
0.26861 0.21318 0.14867 0.36955
0.12375 0.22219 0.09106 0.56300
0.49120 0.07080 0.25417 0.18384
0.73598 0.05788 0.05147 0.15467
0.04575 0.49481 0.30361 0.15583
0.13009 0.09943 0.73821 0.03226
0.33523 0.13468 0.13294 0.39714
0.18057 0.24878 0.29091 0.27974
0.27427 0.14253 0.47666 0.10655
0.27445 0.16806 0.19236 0.36513
0.18400 0.17515 0.30462 0.33623
0.31568 0.16590 0.28711 0.23130
0.42513 0.10562 0.38173 0.08753
0.21831 0.17919 0.39464 0.20786
0.20134 0.15109 0.50867 0.13890
0.29172 0.17620 0.28880 0.24329
0.14838 0.15981 0.45320 0.23861
0.18929 0.16320 0.42384 0.22368
0.21292 0.12403 0.35651 0.30655
0.22259 0.17135 0.35975 0.24631
0.19935 0.13538 0.40757 0.25769
0.14257 0.16116 0.53533 0.16094

>ZNF286B ZNF286B_C1
0.27940 0.22111 0.22671 0.27279
0.26000 0.25349 0.20027 0.28624
0.21953 0.26480 0.25482 0.26086
0.17222 0.32230 0.22754 0.27794
0.14516 0.28964 0.28649 0.27872
0.12636 0.29231 0.21361 0.36772
0.18276 0.24487 0.20990 0.36247
0.27345 0.23948 0.28118 0.20588
0.29491 0.20208 0.28320 0.21981
0.24747 0.20216 0.28836 0.26201
0.24562 0.25005 0.35715 0.14717
0.22407 0.13310 0.35699 0.28584
0.07239 0.21166 0.14262 0.57333
0.56472 0.06168 0.13893 0.23467
0.93715 0.01494 0.00835 0.03957
0.01064 0.33268 0.62036 0.03631
0.00406 0.01502 0.97861 0.00231
0.12106 0.28212 0.18946 0.40736
0.52951 0.13128 0.08489 0.25432
0.57698 0.13492 0.10592 0.18219
0.21527 0.30353 0.25762 0.22358
0.27490 0.19802 0.40788 0.11920
0.27632 0.24025 0.13066 0.35277
0.19111 0.26011 0.27934 0.26945
0.23576 0.26156 0.33840 0.16428
0.26240 0.26523 0.24838 0.22400
0.26876 0.27212 0.22750 0.23162
0.30783 0.24998 0.16967 0.27252
0.25964 0.34847 0.15316 0.23874
0.28641 0.24515 0.16347 0.30498

>ZNF286B ZNF286B_C2
0.22390 0.21128 0.26616 0.29866
0.21143 0.21579 0.29757 0.27521
0.22301 0.21365 0.24709 0.31625
0.25172 0.21269 0.23840 0.29718
0.23801 0.23482 0.23324 0.29393
0.21659 0.24246 0.22661 0.31434
0.23615 0.26160 0.21983 0.28242
0.20873 0.26655 0.25361 0.27110
0.18202 0.25746 0.28458 0.27594
0.19061 0.28429 0.26333 0.26177
0.25012 0.25461 0.22662 0.26866
0.24450 0.23738 0.22804 0.29008
0.26969 0.25158 0.23528 0.24345
0.28594 0.23162 0.20579 0.27664
0.22871 0.23768 0.23452 0.29908
0.19290 0.25357 0.31838 0.23515
0.21453 0.23219 0.25978 0.29350
0.37942 0.14988 0.19498 0.27572
0.54510 0.09895 0.17841 0.17755
0.16695 0.23333 0.51246 0.08726
0.06125 0.03500 0.87120 0.03254
0.06479 0.11730 0.28115 0.53675
0.82217 0.02359 0.03349 0.12076
0.90688 0.02943 0.02130 0.04239
0.03151 0.39175 0.22827 0.34847
0.03627 0.01826 0.93807 0.00740
0.54287 0.17527 0.09949 0.18236
0.09942 0.14702 0.53852 0.21504
0.24493 0.35833 0.22138 0.17536
0.22607 0.26832 0.13620 0.36941

>ZNF286B ZNF286B_C3
0.28693 0.17441 0.27584 0.26282
0.30831 0.19615 0.27369 0.22185
0.23763 0.26940 0.21957 0.27340
0.44344 0.17652 0.14062 0.23943
0.26633 0.18918 0.17501 0.36948
0.19565 0.10354 0.43030 0.27052
0.23251 0.29626 0.18277 0.28845
0.25971 0.19135 0.23435 0.31459
0.59603 0.16237 0.06422 0.17738
0.30155 0.01211 0.60511 0.08124
0.00891 0.00238 0.97800 0.01071
0.00488 0.00081 0.13472 0.85959
0.99944 0.00004 0.00035 0.00017
0.98189 0.01287 0.00391 0.00134
0.00218 0.17867 0.00465 0.81450
0.00324 0.00009 0.99642 0.00025
0.99862 0.00042 0.00065 0.00031
0.00060 0.00018 0.98623 0.01299
0.10265 0.77917 0.03730 0.08088
0.00315 0.41346 0.00486 0.57853
0.13190 0.04230 0.00981 0.81599
0.18559 0.79400 0.01217 0.00824
0.00443 0.97190 0.00188 0.02179
0.05691 0.89149 0.01212 0.03948
0.51043 0.01149 0.46703 0.01106
0.14759 0.07437 0.22793 0.55012
0.17082 0.55704 0.12269 0.14945
0.33740 0.25352 0.19890 0.21018
0.27147 0.28748 0.20696 0.23409
0.25472 0.20231 0.26215 0.28083

>ZBTB47 ZBTB47_C1
0.14607 0.42828 0.15367 0.27198
0.16753 0.09687 0.61198 0.12362
0.09287 0.07593 0.70834 0.12286
0.19256 0.30659 0.26719 0.23365
0.31357 0.27726 0.25823 0.15093
0.33048 0.24896 0.19746 0.22310
0.21043 0.23879 0.27859 0.27219
0.05385 0.20003 0.40984 0.33628
0.54738 0.13886 0.15442 0.15934
0.71301 0.05144 0.11439 0.12116
0.54546 0.09689 0.23493 0.12272
0.03115 0.04538 0.81269 0.11077
0.13613 0.02104 0.80137 0.04145
0.00079 0.00079 0.99817 0.00025
0.00656 0.00268 0.00251 0.98825
0.00320 0.01860 0.08012 0.89809
0.91828 0.02593 0.03442 0.02137
0.90130 0.04038 0.03746 0.02086
0.21968 0.24503 0.18274 0.35255
0.20545 0.20589 0.31672 0.27194
0.20444 0.21572 0.33877 0.24107
0.19928 0.22058 0.33087 0.24928
0.20373 0.21970 0.33509 0.24147
0.21003 0.22257 0.33234 0.23506
0.20974 0.21920 0.32847 0.24260
0.20651 0.22195 0.32500 0.24654
0.21021 0.21834 0.32860 0.24285
0.20861 0.22134 0.33294 0.23710
0.20925 0.22674 0.32915 0.23486
0.20552 0.22593 0.33408 0.23446

>ZBTB47 ZBTB47_C2
0.11336 0.48426 0.10062 0.30176
0.13700 0.05002 0.74258 0.07040
0.04924 0.03389 0.84918 0.06770
0.17046 0.32931 0.25513 0.24510
0.38238 0.24931 0.25556 0.11275
0.37270 0.23145 0.19120 0.20466
0.17783 0.22677 0.31811 0.27730
0.02237 0.17711 0.45879 0.34173
0.68618 0.08907 0.11475 0.11000
0.86275 0.01976 0.04884 0.06865
0.63995 0.06199 0.21469 0.08337
0.01283 0.02073 0.90554 0.06090
0.07213 0.00692 0.90419 0.01676
0.00013 0.00008 0.99972 0.00007
0.00057 0.00029 0.00021 0.99893
0.00061 0.00290 0.01746 0.97903
0.98313 0.00638 0.00484 0.00565
0.97659 0.01168 0.00729 0.00444
0.22336 0.23650 0.13452 0.40562
0.20531 0.18592 0.32610 0.28267
0.20248 0.19825 0.35234 0.24693
0.19493 0.20319 0.34839 0.25348
0.20336 0.20137 0.35482 0.24044
0.21053 0.20253 0.34650 0.24045
0.20867 0.20561 0.34096 0.24476
0.20711 0.20688 0.33580 0.25021
0.20834 0.20460 0.34037 0.24668
0.20973 0.20396 0.34556 0.24074
0.20854 0.20632 0.34831 0.23683
0.20762 0.20762 0.35342 0.23135

>ZBTB47 ZBTB47_C3
0.08717 0.54165 0.05996 0.31123
0.12064 0.03144 0.80684 0.04108
0.02731 0.01893 0.91462 0.03914
0.15154 0.37332 0.22853 0.24660
0.43797 0.23272 0.24431 0.08499
0.39304 0.23656 0.18208 0.18833
0.15774 0.23557 0.31841 0.28829
0.01157 0.17581 0.48663 0.32599
0.75402 0.07110 0.09123 0.08366
0.91583 0.01184 0.02657 0.04576
0.67902 0.05141 0.20185 0.06772
0.00742 0.01230 0.93844 0.04184
0.04899 0.00397 0.93789 0.00915
0.00006 0.00005 0.99984 0.00005
0.00017 0.00009 0.00010 0.99964
0.00021 0.00095 0.00786 0.99098
0.99283 0.00335 0.00156 0.00226
0.98980 0.00574 0.00278 0.00168
0.21383 0.24219 0.10854 0.43544
0.20322 0.18560 0.32522 0.28596
0.19847 0.20295 0.35070 0.24788
0.18903 0.20729 0.34625 0.25743
0.20133 0.20634 0.35053 0.24179
0.21060 0.20480 0.34504 0.23955
0.20915 0.20832 0.33614 0.24639
0.20698 0.20935 0.33238 0.25130
0.20722 0.20672 0.33927 0.24679
0.20858 0.20809 0.34417 0.23915
0.20704 0.21195 0.34830 0.23271
0.20441 0.21277 0.35475 0.22807

>ZBTB47 ZBTB47_C4
0.21222 0.20648 0.34095 0.24035
0.18368 0.25012 0.21929 0.34692
0.24026 0.25037 0.29944 0.20992
0.05337 0.57791 0.02114 0.34759
0.06120 0.00772 0.92296 0.00812
0.00585 0.00248 0.98497 0.00669
0.11285 0.42969 0.19920 0.25826
0.52728 0.17785 0.24524 0.04962
0.44556 0.19603 0.19090 0.16751
0.10885 0.27851 0.30340 0.30924
0.00248 0.11370 0.64999 0.23383
0.88128 0.03645 0.04292 0.03935
0.97743 0.00214 0.00517 0.01526
0.75162 0.02134 0.19019 0.03684
0.00053 0.00189 0.98752 0.01006
0.01393 0.00079 0.98396 0.00132
0.00000 0.00000 1.00000 0.00000
0.00001 0.00001 0.00000 0.99999
0.00002 0.00011 0.00003 0.99984
0.99996 0.00002 0.00001 0.00001
0.99911 0.00075 0.00006 0.00009
0.17084 0.23706 0.08870 0.50340
0.17645 0.16157 0.38770 0.27428
0.18062 0.17814 0.39492 0.24632
0.17402 0.18236 0.38280 0.26082
0.18905 0.17445 0.38985 0.24666
0.19984 0.18257 0.36788 0.24971
0.20370 0.18590 0.35664 0.25375
0.19506 0.18795 0.35004 0.26695
0.19921 0.17802 0.37257 0.25020

>FIZ1 FIZ1_C1
0.02372 0.85836 0.05634 0.06159
0.09774 0.66926 0.17210 0.06089
0.22472 0.19570 0.09611 0.48346
0.10928 0.48820 0.12660 0.27593
0.20364 0.46527 0.22475 0.10635
0.15755 0.50976 0.05491 0.27777
0.18688 0.34156 0.16551 0.30605
0.24199 0.36244 0.19778 0.19779
0.19321 0.43560 0.17066 0.20053
0.19349 0.52572 0.13255 0.14824
0.24875 0.32958 0.14571 0.27596
0.35632 0.29422 0.16259 0.18687
0.30588 0.29288 0.17665 0.22460
0.21790 0.43618 0.20891 0.13701
0.29555 0.30542 0.28484 0.11419
0.31043 0.29699 0.13071 0.26187
0.33863 0.29223 0.17466 0.19448
0.33254 0.36262 0.18096 0.12388
0.15066 0.41153 0.30117 0.13664
0.29873 0.14683 0.18865 0.36579
0.23058 0.20339 0.07088 0.49514
0.52302 0.20723 0.18111 0.08864
0.63958 0.11329 0.15087 0.09626
0.16480 0.46089 0.25878 0.11553
0.24284 0.25747 0.38452 0.11517
0.24757 0.22681 0.11049 0.41513
0.23660 0.25379 0.13264 0.37698
0.63736 0.02443 0.25780 0.08041
0.59526 0.07909 0.18195 0.14371
0.28625 0.13438 0.48242 0.09695

>FIZ1 FIZ1_C2
0.11060 0.58661 0.13576 0.16703
0.10929 0.41165 0.24816 0.23090
0.11598 0.51925 0.09006 0.27471
0.23467 0.28992 0.22607 0.24934
0.11663 0.57597 0.14632 0.16109
0.10348 0.76476 0.07329 0.05847
0.10030 0.72830 0.06496 0.10644
0.12904 0.22581 0.07182 0.57333
0.13330 0.34634 0.12816 0.39220
0.44738 0.23273 0.13737 0.18252
0.30423 0.50121 0.08454 0.11001
0.13932 0.57605 0.16278 0.12185
0.35957 0.21640 0.15412 0.26991
0.09823 0.55393 0.08963 0.25821
0.27435 0.19463 0.28959 0.24142
0.25304 0.30841 0.07209 0.36647
0.46723 0.11067 0.33620 0.08590
0.52077 0.13140 0.15813 0.18970
0.18006 0.40365 0.19988 0.21641
0.40642 0.30440 0.23291 0.05627
0.39243 0.22757 0.08151 0.29849
0.34999 0.23277 0.20847 0.20877
0.42058 0.21608 0.31270 0.05064
0.46549 0.16364 0.16270 0.20816
0.29497 0.29142 0.19509 0.21852
0.28140 0.17825 0.21266 0.32769
0.43731 0.08923 0.23111 0.24235
0.37735 0.16634 0.25292 0.20340
0.43708 0.08329 0.33133 0.14831
0.65960 0.04745 0.06816 0.22479

>FIZ1 FIZ1_C3
0.21012 0.25274 0.22593 0.31121
0.24934 0.20276 0.32102 0.22688
0.15571 0.09379 0.54057 0.20993
0.06919 0.04320 0.82578 0.06183
0.15991 0.17945 0.16451 0.49612
0.20791 0.33095 0.17742 0.28373
0.26198 0.30630 0.24008 0.19165
0.11475 0.16830 0.05701 0.65994
0.08144 0.20808 0.56229 0.14819
0.50968 0.09549 0.30634 0.08849
0.23639 0.02356 0.71346 0.02660
0.01476 0.01791 0.05210 0.91523
0.09290 0.00842 0.46755 0.43113
0.02886 0.91721 0.02499 0.02894
0.12497 0.01858 0.82395 0.03250
0.91285 0.01164 0.03766 0.03785
0.80707 0.00649 0.17942 0.00702
0.09750 0.00964 0.15238 0.74047
0.02910 0.45762 0.19246 0.32082
0.18526 0.49028 0.25813 0.06633
0.10167 0.03299 0.17813 0.68722
0.11722 0.01522 0.81677 0.05078
0.06301 0.72876 0.17864 0.02959
0.08350 0.20947 0.62713 0.07990
0.19272 0.36668 0.26195 0.17865
0.27805 0.20726 0.30432 0.21037
0.29390 0.16593 0.34202 0.19815
0.26894 0.18657 0.32526 0.21924
0.22743 0.19736 0.36087 0.21434
0.25055 0.19470 0.34695 0.20781

>FIZ1 FIZ1_C4
0.20036 0.21829 0.30796 0.27340
0.21616 0.23794 0.25547 0.29043
0.23152 0.19714 0.38587 0.18548
0.16050 0.04896 0.61343 0.17711
0.04996 0.01812 0.90255 0.02936
0.14526 0.15578 0.18420 0.51477
0.22662 0.28921 0.21535 0.26882
0.26032 0.31466 0.23965 0.18537
0.10257 0.16755 0.05188 0.67800
0.05213 0.18709 0.66105 0.09973
0.55854 0.07211 0.31039 0.05897
0.20564 0.00091 0.79205 0.00139
0.00240 0.00076 0.00792 0.98892
0.04448 0.00130 0.50860 0.44563
0.00657 0.97961 0.00574 0.00807
0.06556 0.00254 0.92171 0.01020
0.98635 0.00029 0.01146 0.00190
0.92864 0.00082 0.06992 0.00062
0.06209 0.00108 0.03867 0.89817
0.00799 0.55531 0.09229 0.34440
0.13272 0.63604 0.18650 0.04474
0.04076 0.02503 0.14212 0.79209
0.04340 0.00696 0.91571 0.03394
0.02111 0.92152 0.05103 0.00634
0.03155 0.16319 0.75546 0.04979
0.12454 0.53596 0.18624 0.15326
0.23530 0.24197 0.31537 0.20737
0.25526 0.21565 0.29064 0.23845
0.23731 0.22680 0.28444 0.25145
0.22011 0.23417 0.29091 0.25481

>GCM1 GCM1_C1
0.11374 0.23995 0.14815 0.49816
0.27761 0.16007 0.18456 0.37776
0.22562 0.19535 0.22930 0.34974
0.20466 0.12412 0.31308 0.35813
0.13289 0.24889 0.22595 0.39228
0.13415 0.29321 0.21923 0.35341
0.19860 0.15747 0.28602 0.35791
0.17843 0.15044 0.14381 0.52732
0.29692 0.16202 0.24124 0.29983
0.12094 0.25859 0.31661 0.30385
0.15751 0.16045 0.29105 0.39100
0.09335 0.19044 0.21766 0.49855
0.15272 0.34688 0.18863 0.31177
0.25253 0.10226 0.31487 0.33035
0.06934 0.41865 0.05387 0.45814
0.10805 0.14375 0.63048 0.11771
0.34534 0.06983 0.07841 0.50641
0.14615 0.25292 0.26400 0.33692
0.18359 0.11471 0.55921 0.14249
0.18641 0.17030 0.32378 0.31951
0.16379 0.18579 0.36759 0.28283
0.29756 0.13719 0.21630 0.34894
0.30708 0.11118 0.16150 0.42024
0.29471 0.08568 0.51165 0.10797
0.20488 0.05164 0.70058 0.04291
0.03668 0.06806 0.83986 0.05539
0.02681 0.05596 0.87744 0.03979
0.06154 0.12401 0.66075 0.15370
0.22147 0.19913 0.39558 0.18381
0.27897 0.20090 0.32373 0.19640

>GCM1 GCM1_C2
0.18457 0.25156 0.13664 0.42723
0.18203 0.05956 0.18975 0.56867
0.16839 0.29166 0.15469 0.38526
0.24036 0.15291 0.39478 0.21195
0.25063 0.14364 0.17413 0.43160
0.12607 0.28155 0.23685 0.35554
0.17023 0.17496 0.27442 0.38038
0.21499 0.16154 0.19191 0.43156
0.16485 0.17905 0.23427 0.42183
0.24210 0.25111 0.19761 0.30918
0.19916 0.11126 0.32295 0.36664
0.18520 0.29258 0.15551 0.36670
0.12089 0.13433 0.48422 0.26057
0.20722 0.19705 0.14710 0.44863
0.06723 0.30418 0.24877 0.37981
0.22900 0.22138 0.29491 0.25471
0.20310 0.22668 0.18357 0.38666
0.12118 0.25778 0.34515 0.27588
0.28986 0.04949 0.30730 0.35335
0.11268 0.26785 0.17806 0.44141
0.25986 0.06385 0.50164 0.17466
0.23084 0.15212 0.22920 0.38784
0.17551 0.16417 0.37921 0.28110
0.34140 0.09967 0.27500 0.28393
0.26850 0.10095 0.20547 0.42507
0.21753 0.08168 0.59669 0.10410
0.14262 0.05991 0.76921 0.02826
0.04098 0.02157 0.90182 0.03562
0.01141 0.02639 0.91308 0.04912
0.05319 0.10366 0.76729 0.07587

>GCM1 GCM1_C3
0.02273 0.93983 0.01646 0.02098
0.02404 0.91958 0.02816 0.02822
0.05189 0.87716 0.01009 0.06086
0.05270 0.21372 0.48472 0.24885
0.03181 0.77635 0.03673 0.15511
0.83895 0.03034 0.02812 0.10259
0.08962 0.18347 0.04157 0.68534
0.19817 0.42717 0.25475 0.11992
0.36714 0.27452 0.15948 0.19886
0.22178 0.40464 0.10714 0.26644
0.29277 0.31364 0.22019 0.17340
0.32203 0.31341 0.14951 0.21506
0.27890 0.29357 0.26680 0.16073
0.30882 0.22773 0.25172 0.21172
0.35359 0.24676 0.24382 0.15583
0.30647 0.27049 0.29182 0.13123
0.33594 0.26244 0.23839 0.16322
0.37255 0.25204 0.21718 0.15823
0.33326 0.27862 0.24856 0.13956
0.31040 0.29072 0.22211 0.17677
0.34054 0.25536 0.24661 0.15750
0.35849 0.24656 0.23312 0.16183
0.36988 0.20968 0.24257 0.17787
0.35626 0.24586 0.21156 0.18632
0.32176 0.26635 0.27150 0.14039
0.32284 0.23989 0.21802 0.21925
0.32916 0.24975 0.21930 0.20179
0.43627 0.22899 0.20260 0.13214
0.45932 0.20014 0.21723 0.12330
0.30763 0.23711 0.33125 0.12401

>GCM1 GCM1_C4
0.18585 0.24099 0.31197 0.26119
0.18562 0.23674 0.30017 0.27747
0.17603 0.24487 0.29186 0.28724
0.17937 0.25128 0.29104 0.27830
0.17424 0.25040 0.28701 0.28835
0.20551 0.23640 0.28417 0.27393
0.23919 0.21466 0.30448 0.24167
0.26593 0.16120 0.34149 0.23138
0.20966 0.19557 0.35641 0.23836
0.28842 0.12736 0.36547 0.21875
0.19805 0.20106 0.30180 0.29909
0.12226 0.29604 0.39709 0.18461
0.88684 0.01644 0.08554 0.01117
0.03876 0.00517 0.01968 0.93640
0.08513 0.00486 0.90556 0.00445
0.11007 0.82300 0.05537 0.01156
0.02804 0.00137 0.94616 0.02444
0.00998 0.00280 0.97961 0.00762
0.00479 0.00097 0.99096 0.00328
0.06389 0.23666 0.03788 0.66157
0.52376 0.11433 0.25031 0.11160
0.13982 0.30134 0.44199 0.11684
0.14847 0.32149 0.31443 0.21560
0.24535 0.22879 0.34156 0.18431
0.19572 0.21256 0.39893 0.19280
0.18584 0.23536 0.36974 0.20906
0.28879 0.16847 0.34831 0.19443
0.20610 0.19762 0.35527 0.24101
0.22377 0.19804 0.34496 0.23323
0.24395 0.18776 0.33261 0.23568

>CREB3L3 CREB3L3_C1
0.17018 0.55955 0.14275 0.12751
0.12499 0.59498 0.15030 0.12972
0.16799 0.47535 0.24584 0.11082
0.15680 0.44499 0.14909 0.24912
0.14577 0.58925 0.12064 0.14434
0.16536 0.49218 0.14383 0.19863
0.27170 0.41358 0.15683 0.15789
0.26968 0.39024 0.13242 0.20766
0.16733 0.44240 0.23513 0.15514
0.19148 0.56388 0.09738 0.14725
0.18845 0.45614 0.11603 0.23938
0.28246 0.35443 0.21501 0.14810
0.22553 0.43726 0.13590 0.20132
0.17348 0.55793 0.14828 0.12031
0.20959 0.48927 0.10227 0.19887
0.22100 0.29132 0.17503 0.31264
0.34364 0.21446 0.25001 0.19189
0.30535 0.34509 0.20044 0.14912
0.24805 0.45622 0.22191 0.07381
0.13600 0.64653 0.08859 0.12888
0.30171 0.29764 0.19738 0.20327
0.28088 0.07977 0.08712 0.55224
0.15423 0.46838 0.06622 0.31117
0.60769 0.10893 0.24593 0.03745
0.73643 0.06641 0.03082 0.16634
0.03975 0.56473 0.32136 0.07416
0.30652 0.14991 0.46178 0.08180
0.18534 0.18193 0.03648 0.59625
0.36460 0.15047 0.36474 0.12019
0.37353 0.07507 0.27609 0.27531

>CREB3L3 CREB3L3_C2
0.30774 0.21107 0.23254 0.24864
0.13802 0.29187 0.23134 0.33877
0.16779 0.11556 0.49574 0.22090
0.15176 0.48726 0.11575 0.24523
0.14386 0.46428 0.18573 0.20613
0.63350 0.08564 0.08352 0.19733
0.03436 0.78281 0.07935 0.10347
0.03625 0.15462 0.78067 0.02845
0.07643 0.06955 0.03512 0.81890
0.10438 0.35913 0.21063 0.32586
0.40062 0.13821 0.34357 0.11760
0.15137 0.36140 0.15945 0.32778
0.11196 0.38389 0.30408 0.20007
0.28610 0.21534 0.27177 0.22679
0.17375 0.21596 0.26223 0.34806
0.17809 0.16539 0.43605 0.22047
0.34674 0.12136 0.34446 0.18745
0.39306 0.11133 0.29889 0.19672
0.20527 0.13130 0.54963 0.11381
0.12648 0.13232 0.65754 0.08366
0.12936 0.20598 0.52885 0.13582
0.23877 0.22367 0.33183 0.20573
0.38004 0.14061 0.29267 0.18668
0.32935 0.08352 0.38755 0.19958
0.17025 0.13539 0.56750 0.12685
0.17502 0.16004 0.55343 0.11151
0.21826 0.22023 0.39160 0.16991
0.24265 0.21421 0.36761 0.17553
0.20293 0.14994 0.48451 0.16261
0.20716 0.20239 0.38956 0.20089

>CREB3L3 CREB3L3_C3
0.22688 0.25847 0.25578 0.25886
0.20116 0.25822 0.28504 0.25559
0.19759 0.28209 0.26427 0.25604
0.19581 0.27810 0.25508 0.27101
0.20932 0.27240 0.27033 0.24795
0.22046 0.23999 0.28244 0.25711
0.25952 0.23644 0.27077 0.23327
0.26154 0.24675 0.29106 0.20066
0.26603 0.18094 0.33279 0.22023
0.12270 0.18219 0.22929 0.46581
0.08202 0.13681 0.63847 0.14269
0.37801 0.07802 0.38615 0.15781
0.08169 0.15660 0.07721 0.68450
0.11971 0.13332 0.66268 0.08428
0.90459 0.00853 0.04884 0.03804
0.00712 0.89538 0.07329 0.02421
0.01642 0.03200 0.93580 0.01578
0.07120 0.00892 0.01673 0.90314
0.05160 0.03751 0.85901 0.05188
0.04214 0.02189 0.83498 0.10099
0.17071 0.69554 0.07109 0.06266
0.49552 0.16004 0.24163 0.10281
0.18048 0.25546 0.32220 0.24186
0.18224 0.19419 0.37354 0.25003
0.22028 0.17657 0.32623 0.27692
0.23210 0.21130 0.32997 0.22663
0.20033 0.21004 0.39961 0.19002
0.19836 0.22138 0.37659 0.20367
0.18531 0.20835 0.39948 0.20686
0.18261 0.20308 0.38544 0.22886

>CREB3L3 CREB3L3_C4
0.20931 0.24105 0.32337 0.22627
0.20852 0.23598 0.33542 0.22008
0.25106 0.18619 0.34038 0.22237
0.34000 0.14972 0.29990 0.21037
0.29605 0.16940 0.33090 0.20364
0.16625 0.13323 0.51516 0.18536
0.03447 0.10463 0.07407 0.78683
0.01529 0.01560 0.91568 0.05343
0.59382 0.03163 0.35031 0.02424
0.02360 0.02849 0.00304 0.94486
0.00897 0.03536 0.95178 0.00389
0.99835 0.00005 0.00142 0.00018
0.00075 0.99310 0.00581 0.00034
0.00029 0.00011 0.99941 0.00019
0.00553 0.00023 0.00196 0.99228
0.00238 0.00248 0.99481 0.00033
0.00156 0.00010 0.97697 0.02137
0.11627 0.87796 0.00289 0.00289
0.78412 0.03277 0.16816 0.01495
0.13213 0.32010 0.35261 0.19516
0.16448 0.17553 0.28326 0.37673
0.17569 0.18440 0.25711 0.38280
0.17994 0.20392 0.30707 0.30907
0.17686 0.21040 0.36218 0.25057
0.17754 0.21147 0.37103 0.23996
0.18353 0.21752 0.37287 0.22608
0.18759 0.21514 0.35466 0.24260
0.19050 0.21448 0.35122 0.24380
0.19168 0.21602 0.34607 0.24623
0.20126 0.20890 0.35304 0.23679

>MKX MKX_C1
0.08757 0.69210 0.09415 0.12618
0.55195 0.04472 0.12507 0.27826
0.04038 0.08577 0.03508 0.83877
0.01881 0.05151 0.90925 0.02043
0.05447 0.04307 0.03659 0.86588
0.25816 0.16468 0.02280 0.55436
0.36407 0.21621 0.23905 0.18067
0.22841 0.20276 0.25190 0.31692
0.20713 0.18664 0.40789 0.19834
0.17078 0.23826 0.34878 0.24218
0.22513 0.20728 0.34250 0.22509
0.20495 0.16692 0.35914 0.26900
0.17928 0.19576 0.42021 0.20475
0.21230 0.19717 0.41407 0.17645
0.16901 0.24275 0.37285 0.21539
0.22768 0.18939 0.34482 0.23812
0.18237 0.21665 0.35855 0.24243
0.21508 0.19872 0.36191 0.22429
0.22899 0.16216 0.40687 0.20197
0.22308 0.15524 0.39838 0.22330
0.21484 0.17601 0.40720 0.20195
0.22570 0.15383 0.46516 0.15532
0.20464 0.13459 0.43989 0.22088
0.18832 0.12184 0.47910 0.21074
0.20306 0.13755 0.48532 0.17406
0.20733 0.13414 0.49649 0.16203
0.18489 0.11782 0.50531 0.19197
0.16190 0.15347 0.55026 0.13438
0.17123 0.18126 0.48736 0.16016
0.15867 0.15869 0.53072 0.15192

>MKX MKX_C2
0.16892 0.47932 0.18815 0.16362
0.15023 0.47084 0.21190 0.16703
0.17937 0.46192 0.18216 0.17655
0.17941 0.48461 0.14839 0.18758
0.16725 0.42455 0.18233 0.22587
0.23094 0.40938 0.14982 0.20986
0.18277 0.43286 0.18633 0.19804
0.17408 0.41832 0.21226 0.19534
0.18750 0.42989 0.17051 0.21211
0.17814 0.41456 0.15901 0.24829
0.21748 0.40761 0.15211 0.22280
0.18811 0.39325 0.20301 0.21563
0.19079 0.38495 0.22079 0.20347
0.19819 0.43503 0.18734 0.17944
0.18459 0.43348 0.17200 0.20993
0.20921 0.39725 0.17371 0.21982
0.20682 0.36893 0.16809 0.25616
0.20185 0.42800 0.17926 0.19089
0.25558 0.40453 0.19198 0.14791
0.16063 0.43262 0.20024 0.20651
0.29608 0.27420 0.19926 0.23046
0.21267 0.20865 0.25187 0.32682
0.60197 0.02718 0.14030 0.23055
0.87234 0.04797 0.04731 0.03238
0.01320 0.93748 0.04027 0.00905
0.83169 0.05217 0.08622 0.02993
0.19720 0.13159 0.05823 0.61298
0.08659 0.17346 0.68772 0.05223
0.31984 0.20349 0.30843 0.16823
0.30140 0.26931 0.15968 0.26962

>MKX MKX_C3
0.20814 0.39603 0.19278 0.20305
0.18914 0.42366 0.19788 0.18932
0.21871 0.40033 0.19022 0.19073
0.22055 0.40834 0.16487 0.20624
0.20368 0.39939 0.19245 0.20448
0.20245 0.37564 0.20234 0.21957
0.22115 0.38433 0.18829 0.20623
0.19535 0.38375 0.20553 0.21538
0.20326 0.40140 0.16993 0.22541
0.21279 0.37796 0.18237 0.22688
0.19626 0.40348 0.18658 0.21368
0.22761 0.35109 0.22263 0.19868
0.19017 0.39759 0.20290 0.20934
0.19073 0.37334 0.21892 0.21701
0.18130 0.39730 0.17347 0.24793
0.19993 0.41085 0.18431 0.20491
0.20455 0.38273 0.19099 0.22172
0.15335 0.43718 0.15883 0.25064
0.21481 0.40750 0.21683 0.16085
0.15521 0.40495 0.19010 0.24974
0.32413 0.29842 0.18091 0.19654
0.21116 0.18911 0.26813 0.33160
0.62334 0.01826 0.11308 0.24532
0.89477 0.04294 0.04030 0.02199
0.00449 0.96539 0.02567 0.00445
0.88917 0.04416 0.04866 0.01801
0.16810 0.12674 0.05664 0.64852
0.06854 0.13559 0.75943 0.03644
0.35442 0.21578 0.27136 0.15843
0.27018 0.27660 0.14919 0.30404

>MKX MKX_C4
0.29482 0.21685 0.21699 0.27134
0.30096 0.18112 0.22684 0.29109
0.27812 0.20033 0.23852 0.28303
0.30947 0.18730 0.23682 0.26641
0.28017 0.22885 0.20337 0.28760
0.32100 0.22060 0.19073 0.26767
0.29651 0.23517 0.22112 0.24720
0.35229 0.19408 0.22086 0.23277
0.35963 0.15241 0.20577 0.28220
0.31258 0.17454 0.20454 0.30834
0.34343 0.11731 0.25907 0.28019
0.20546 0.17777 0.20530 0.41147
0.02061 0.86228 0.07690 0.04021
0.73772 0.01942 0.10491 0.13795
0.00261 0.00187 0.00880 0.98672
0.00129 0.00730 0.99055 0.00086
0.00169 0.00230 0.00399 0.99203
0.26977 0.02952 0.00259 0.69811
0.33998 0.28701 0.10088 0.27213
0.17498 0.17066 0.20978 0.44458
0.31225 0.17725 0.33701 0.17349
0.19556 0.21259 0.31760 0.27425
0.32498 0.14730 0.36354 0.16417
0.27984 0.16804 0.32263 0.22949
0.28757 0.16590 0.31074 0.23578
0.31101 0.18573 0.29228 0.21098
0.27188 0.22240 0.27563 0.23008
0.28237 0.18435 0.29817 0.23511
0.25182 0.18993 0.29015 0.26810
0.24847 0.18109 0.28041 0.29003

>ZNF721 ZNF721_C1
0.24940 0.23771 0.25870 0.25419
0.23700 0.23075 0.28420 0.24804
0.22859 0.22695 0.29725 0.24721
0.26798 0.19484 0.27656 0.26061
0.36220 0.15445 0.20954 0.27381
0.13084 0.15170 0.65677 0.06069
0.08967 0.04329 0.82812 0.03892
0.25458 0.10648 0.35711 0.28184
0.34019 0.16615 0.23132 0.26234
0.42099 0.23512 0.28006 0.06383
0.05604 0.37986 0.21366 0.35045
0.22983 0.21650 0.46632 0.08734
0.03600 0.92777 0.00575 0.03049
0.00789 0.08677 0.00538 0.89996
0.13030 0.06848 0.68550 0.11572
0.05212 0.21394 0.17226 0.56168
0.09275 0.02926 0.01906 0.85892
0.03058 0.19584 0.05378 0.71980
0.12514 0.22566 0.20823 0.44098
0.24532 0.19442 0.24376 0.31649
0.15980 0.22640 0.22195 0.39185
0.18579 0.19041 0.31780 0.30600
0.23114 0.19885 0.34543 0.22458
0.23458 0.20504 0.32499 0.23539
0.24184 0.19463 0.34194 0.22160
0.24463 0.20100 0.35126 0.20311
0.23086 0.20996 0.34144 0.21774
0.23616 0.19724 0.34652 0.22008
0.22536 0.20080 0.35837 0.21547
0.21772 0.19555 0.37458 0.21215

>ZNF721 ZNF721_C2
0.19849 0.24353 0.28111 0.27688
0.20964 0.23502 0.28712 0.26822
0.20010 0.25484 0.27539 0.26967
0.19904 0.24814 0.29343 0.25940
0.22165 0.22248 0.26847 0.28740
0.24278 0.21484 0.26411 0.27827
0.22187 0.21788 0.29841 0.26184
0.20277 0.19516 0.33485 0.26722
0.20160 0.17065 0.31910 0.30865
0.35306 0.10723 0.18358 0.35613
0.05312 0.05425 0.87784 0.01480
0.03258 0.00585 0.95724 0.00432
0.36771 0.09448 0.30391 0.23389
0.40532 0.08751 0.21775 0.28942
0.56513 0.19718 0.21117 0.02651
0.02101 0.51876 0.12682 0.33341
0.21842 0.16922 0.52591 0.08645
0.00471 0.98919 0.00032 0.00578
0.00025 0.01454 0.00039 0.98483
0.06904 0.01617 0.85929 0.05550
0.01807 0.21053 0.09884 0.67256
0.04895 0.00275 0.00220 0.94611
0.00610 0.11851 0.03998 0.83541
0.06911 0.14180 0.12477 0.66432
0.20764 0.18055 0.18113 0.43067
0.13926 0.19946 0.17403 0.48724
0.16791 0.17953 0.28576 0.36680
0.21215 0.19273 0.34686 0.24826
0.21831 0.21332 0.30403 0.26435
0.23123 0.20487 0.31642 0.24749

>ZNF721 ZNF721_C3
0.20230 0.26310 0.25555 0.27905
0.20586 0.26162 0.25991 0.27261
0.20714 0.27637 0.24920 0.26729
0.20128 0.28246 0.25232 0.26394
0.23529 0.24361 0.23805 0.28305
0.25495 0.22547 0.23965 0.27992
0.21490 0.23305 0.28370 0.26835
0.19091 0.20575 0.32395 0.27939
0.19893 0.15327 0.29699 0.35080
0.38846 0.08336 0.12077 0.40741
0.01799 0.02232 0.95790 0.00180
0.00445 0.00005 0.99543 0.00007
0.46691 0.12530 0.22095 0.18684
0.47096 0.05920 0.16612 0.30371
0.77317 0.11217 0.10807 0.00659
0.00273 0.66675 0.04391 0.28661
0.22817 0.17345 0.54207 0.05631
0.00019 0.99964 0.00000 0.00018
0.00000 0.00076 0.00000 0.99924
0.02764 0.00210 0.95591 0.01435
0.00616 0.22483 0.03524 0.73377
0.01339 0.00014 0.00011 0.98636
0.00099 0.07410 0.01587 0.90904
0.03463 0.09838 0.05727 0.80972
0.16607 0.19043 0.13607 0.50744
0.10441 0.18807 0.14244 0.56508
0.13829 0.17126 0.28185 0.40860
0.19229 0.19309 0.36170 0.25292
0.20437 0.21715 0.30758 0.27091
0.21506 0.21334 0.31991 0.25169

>ZNF831 ZNF831_C1
0.21683 0.29587 0.18384 0.30346
0.19441 0.35848 0.21018 0.23694
0.31100 0.20093 0.22359 0.26448
0.20038 0.27296 0.15555 0.37111
0.10323 0.00712 0.88590 0.00375
0.00673 0.06948 0.78402 0.13977
0.47404 0.03622 0.47082 0.01893
0.39508 0.02872 0.15550 0.42069
0.01759 0.22646 0.06891 0.68704
0.17193 0.40875 0.13418 0.28514
0.15151 0.48879 0.07652 0.28318
0.01183 0.96933 0.01231 0.00653
0.05315 0.33812 0.49672 0.11201
0.19154 0.19147 0.23280 0.38419
0.27092 0.12756 0.34644 0.25509
0.27835 0.17529 0.34540 0.20096
0.28114 0.19473 0.27904 0.24509
0.22051 0.19943 0.25718 0.32288
0.24414 0.23594 0.26697 0.25296
0.18963 0.30978 0.25184 0.24875
0.20087 0.27646 0.31879 0.20388
0.22704 0.23008 0.32982 0.21307
0.24959 0.22041 0.33905 0.19095
0.21881 0.19321 0.41359 0.17440
0.22860 0.20794 0.35812 0.20534
0.22928 0.23232 0.34456 0.19384
0.24478 0.21153 0.32774 0.21595
0.24520 0.20511 0.29018 0.25951
0.22472 0.23823 0.33580 0.20124
0.22285 0.23453 0.33229 0.21033

>ZNF831 ZNF831_C2
0.19823 0.30931 0.28922 0.20324
0.19530 0.27789 0.34320 0.18360
0.20409 0.23057 0.39150 0.17384
0.21775 0.19964 0.41170 0.17091
0.27339 0.20254 0.32150 0.20257
0.28546 0.24590 0.24772 0.22092
0.24135 0.28039 0.19333 0.28494
0.18541 0.37162 0.15981 0.28316
0.21054 0.36536 0.16861 0.25549
0.27914 0.34950 0.15786 0.21351
0.08248 0.36551 0.52327 0.02874
0.00417 0.00057 0.99165 0.00361
0.29098 0.03125 0.60694 0.07084
0.28971 0.04461 0.60447 0.06120
0.83212 0.01682 0.14248 0.00858
0.35280 0.15210 0.01034 0.48476
0.00852 0.31026 0.01081 0.67041
0.10159 0.85335 0.04068 0.00438
0.00035 0.96335 0.00069 0.03561
0.38397 0.10591 0.37692 0.13320
0.20983 0.27198 0.25742 0.26077
0.24007 0.14768 0.44129 0.17096
0.24819 0.18587 0.37590 0.19004
0.26662 0.18033 0.33152 0.22153
0.23627 0.23269 0.27237 0.25866
0.24146 0.27748 0.25656 0.22450
0.20116 0.33293 0.22683 0.23908
0.21012 0.31816 0.25415 0.21757
0.20239 0.30764 0.27123 0.21874
0.19205 0.29538 0.29810 0.21448

>ZNF831 ZNF831_C3
0.18866 0.26922 0.37203 0.17010
0.20284 0.21700 0.41475 0.16542
0.21147 0.18983 0.42203 0.17666
0.24470 0.16885 0.41048 0.17597
0.23508 0.20990 0.30538 0.24965
0.24380 0.28515 0.21027 0.26078
0.19112 0.37610 0.13792 0.29486
0.13492 0.48889 0.12870 0.24748
0.13873 0.53347 0.12879 0.19901
0.23999 0.32756 0.21764 0.21482
0.10725 0.37689 0.14974 0.36612
0.01112 0.00035 0.98843 0.00010
0.00272 0.00476 0.92340 0.06913
0.78680 0.00376 0.20531 0.00414
0.57566 0.00296 0.10986 0.31152
0.00391 0.06549 0.00329 0.92730
0.02304 0.70971 0.03064 0.23662
0.03998 0.63645 0.01972 0.30385
0.00040 0.99869 0.00008 0.00083
0.01502 0.43791 0.50370 0.04337
0.16912 0.10520 0.52632 0.19936
0.25090 0.10133 0.49797 0.14980
0.32814 0.09520 0.42358 0.15308
0.34980 0.13700 0.25686 0.25634
0.21216 0.27742 0.16128 0.34914
0.14715 0.44921 0.12636 0.27728
0.10264 0.61310 0.10540 0.17887
0.10380 0.54383 0.19865 0.15372
0.15372 0.36632 0.33160 0.14837
0.18332 0.26574 0.40215 0.14880

>ZNF831 ZNF831_C4
0.16699 0.26131 0.42507 0.14663
0.17648 0.17845 0.50002 0.14505
0.21326 0.12374 0.51592 0.14708
0.26376 0.09577 0.48749 0.15299
0.24678 0.15274 0.31955 0.28093
0.26176 0.26372 0.16519 0.30933
0.17374 0.39725 0.08299 0.34602
0.09577 0.58234 0.07623 0.24566
0.11143 0.63180 0.09054 0.16623
0.24010 0.35642 0.19070 0.21278
0.08556 0.39497 0.10900 0.41047
0.00308 0.00001 0.99690 0.00000
0.00040 0.00097 0.95007 0.04857
0.87293 0.00090 0.12448 0.00169
0.64491 0.00058 0.07408 0.28042
0.00050 0.02432 0.00057 0.97461
0.01004 0.77258 0.02706 0.19032
0.02662 0.61745 0.01591 0.34002
0.00004 0.99985 0.00000 0.00011
0.00645 0.37373 0.59778 0.02204
0.12464 0.05328 0.68044 0.14165
0.25496 0.04431 0.59729 0.10343
0.39743 0.04213 0.44542 0.11502
0.44872 0.08776 0.19528 0.26825
0.20945 0.27942 0.08057 0.43055
0.09853 0.54794 0.05073 0.30280
0.06097 0.77658 0.03617 0.12628
0.06158 0.67186 0.15782 0.10874
0.13541 0.37434 0.38498 0.10528
0.16676 0.21966 0.49976 0.11382

>MSANTD1 MSANTD1_C1
0.21021 0.26919 0.31044 0.21016
0.40252 0.06159 0.28531 0.25058
0.09917 0.57285 0.17584 0.15214
0.07144 0.03621 0.07059 0.82176
0.01569 0.08017 0.01933 0.88481
0.81432 0.03721 0.12837 0.02009
0.74508 0.02473 0.15319 0.07700
0.12844 0.05620 0.69277 0.12259
0.21442 0.10244 0.25685 0.42629
0.09361 0.15591 0.47648 0.27400
0.16719 0.23861 0.40812 0.18609
0.15036 0.19038 0.38954 0.26972
0.22936 0.19094 0.32341 0.25630
0.25652 0.11853 0.25837 0.36658
0.23733 0.13741 0.32920 0.29605
0.25149 0.13518 0.40401 0.20932
0.16727 0.12656 0.48647 0.21970
0.18148 0.16278 0.47769 0.17805
0.26384 0.10507 0.42635 0.20473
0.23907 0.16042 0.35299 0.24752
0.18982 0.15525 0.46110 0.19383
0.21661 0.12427 0.47631 0.18281
0.19404 0.17584 0.41585 0.21427
0.20863 0.17124 0.47177 0.14836
0.22097 0.15517 0.42026 0.20360
0.22937 0.14734 0.41149 0.21180
0.21511 0.19526 0.43417 0.15546
0.23182 0.14394 0.46783 0.15640
0.13985 0.13280 0.57627 0.15108
0.19807 0.12769 0.53750 0.13674

>MSANTD1 MSANTD1_C2
0.20829 0.31784 0.25967 0.21420
0.19373 0.32697 0.27496 0.20434
0.21461 0.32400 0.23615 0.22524
0.24786 0.26967 0.25791 0.22456
0.16407 0.35987 0.22145 0.25461
0.16937 0.35080 0.27558 0.20426
0.31458 0.21029 0.26445 0.21068
0.34619 0.18330 0.17025 0.30025
0.14389 0.32979 0.28676 0.23956
0.27112 0.23905 0.35061 0.13922
0.18180 0.33630 0.28763 0.19427
0.19020 0.49731 0.19700 0.11549
0.64787 0.12971 0.10525 0.11716
0.01287 0.94244 0.02325 0.02144
0.05016 0.06366 0.04566 0.84052
0.00691 0.04743 0.00874 0.93692
0.91631 0.03177 0.04185 0.01007
0.92978 0.02281 0.02925 0.01815
0.09107 0.14612 0.69497 0.06784
0.21344 0.23640 0.14435 0.40582
0.19122 0.21687 0.34764 0.24427
0.13128 0.41639 0.22654 0.22579
0.25790 0.23426 0.35192 0.15592
0.27165 0.19243 0.16650 0.36941
0.23163 0.26785 0.20054 0.29998
0.27785 0.23542 0.32643 0.16030
0.31470 0.19994 0.23005 0.25531
0.21145 0.27906 0.21731 0.29217
0.23543 0.25997 0.30241 0.20218
0.24583 0.28368 0.23710 0.23340

>MSANTD1 MSANTD1_C3
0.19945 0.37189 0.21223 0.21644
0.22406 0.35243 0.21478 0.20873
0.23450 0.35424 0.18601 0.22525
0.23475 0.35828 0.17672 0.23026
0.23728 0.34768 0.18616 0.22888
0.24477 0.34334 0.18876 0.22313
0.23627 0.32748 0.18536 0.25089
0.35320 0.20705 0.16762 0.27213
0.27578 0.32189 0.18314 0.21919
0.26349 0.36968 0.20111 0.16572
0.23944 0.39032 0.20583 0.16441
0.17304 0.55248 0.12238 0.15210
0.69325 0.07297 0.10018 0.13360
0.03712 0.88797 0.03623 0.03868
0.00813 0.00837 0.00152 0.98197
0.00123 0.01851 0.00564 0.97462
0.97760 0.01269 0.00837 0.00134
0.96498 0.01910 0.00325 0.01267
0.00967 0.00945 0.97589 0.00499
0.07318 0.05133 0.00725 0.86825
0.10817 0.20382 0.59355 0.09446
0.11030 0.54335 0.18928 0.15707
0.13644 0.44755 0.16953 0.24648
0.28826 0.30536 0.12775 0.27863
0.30350 0.17521 0.04212 0.47916
0.26276 0.31157 0.12832 0.29735
0.29251 0.31072 0.17556 0.22120
0.25441 0.30772 0.18993 0.24794
0.24882 0.33043 0.18252 0.23823
0.25867 0.31815 0.18122 0.24196

>ZNF500 ZNF500_C1
0.15741 0.50205 0.19981 0.14073
0.13712 0.51620 0.24132 0.10536
0.22137 0.47215 0.14944 0.15704
0.11831 0.60536 0.11889 0.15743
0.14289 0.60477 0.13773 0.11461
0.19197 0.38227 0.14821 0.27755
0.21871 0.36067 0.12378 0.29685
0.14343 0.55310 0.13238 0.17109
0.16686 0.62805 0.10200 0.10309
0.23045 0.42554 0.09330 0.25070
0.27500 0.32249 0.07921 0.32330
0.26011 0.41062 0.16086 0.16841
0.20423 0.47377 0.20238 0.11961
0.17184 0.46275 0.12781 0.23760
0.27591 0.27757 0.10636 0.34017
0.36307 0.31082 0.13392 0.19219
0.34700 0.23224 0.32667 0.09410
0.16317 0.24439 0.24243 0.35001
0.12739 0.44983 0.21556 0.20722
0.38969 0.07594 0.15342 0.38095
0.36485 0.21019 0.10371 0.32125
0.32463 0.17064 0.44669 0.05805
0.70811 0.04313 0.19026 0.05850
0.02168 0.72443 0.11880 0.13509
0.15362 0.30046 0.52291 0.02301
0.25517 0.10827 0.11311 0.52344
0.28139 0.18562 0.18549 0.34749
0.52721 0.10654 0.26124 0.10501
0.45335 0.20971 0.10966 0.22729
0.21218 0.24431 0.29135 0.25216

>ZNF500 ZNF500_C2
0.23629 0.21156 0.28426 0.26789
0.23005 0.20558 0.28851 0.27586
0.22886 0.21142 0.28657 0.27315
0.22647 0.21425 0.28848 0.27080
0.21603 0.23300 0.27886 0.27211
0.21162 0.18038 0.40306 0.20494
0.15522 0.08040 0.65425 0.11013
0.14223 0.07733 0.60450 0.17594
0.17454 0.20191 0.35697 0.26657
0.33359 0.21132 0.06446 0.39062
0.46059 0.06541 0.41480 0.05919
0.00527 0.01390 0.95368 0.02715
0.00105 0.00818 0.00776 0.98301
0.07788 0.03805 0.86494 0.01913
0.03033 0.00284 0.01157 0.95526
0.83227 0.00289 0.16006 0.00478
0.00575 0.00198 0.99154 0.00072
0.97376 0.01141 0.01221 0.00263
0.00140 0.97464 0.00349 0.02047
0.14467 0.09019 0.74074 0.02440
0.11003 0.57415 0.20465 0.11117
0.15033 0.17388 0.46460 0.21119
0.19715 0.28574 0.28106 0.23604
0.19321 0.28635 0.22749 0.29296
0.21202 0.21765 0.27771 0.29261
0.20555 0.22277 0.30042 0.27125
0.20823 0.22820 0.32768 0.23590
0.20235 0.23202 0.32938 0.23624
0.20534 0.23569 0.32196 0.23702
0.21081 0.22783 0.31250 0.24885

>ZNF500 ZNF500_C3
0.23104 0.20424 0.29356 0.27116
0.22420 0.20042 0.30322 0.27216
0.22692 0.20587 0.29966 0.26755
0.21858 0.23911 0.27492 0.26739
0.20025 0.17040 0.43733 0.19203
0.12940 0.05828 0.73268 0.07964
0.12956 0.05328 0.66059 0.15656
0.16785 0.19318 0.36128 0.27769
0.33451 0.21231 0.03886 0.41432
0.52980 0.04329 0.38845 0.03845
0.00177 0.00667 0.97634 0.01522
0.00048 0.00214 0.00153 0.99585
0.04322 0.01694 0.93477 0.00507
0.01460 0.00079 0.00347 0.98114
0.90337 0.00056 0.09491 0.00116
0.00299 0.00074 0.99597 0.00030
0.99282 0.00404 0.00256 0.00058
0.00065 0.99010 0.00053 0.00873
0.16599 0.06366 0.75749 0.01286
0.07377 0.69299 0.15546 0.07778
0.11959 0.13621 0.56651 0.17769
0.17894 0.33716 0.27207 0.21183
0.18160 0.32765 0.18976 0.30099
0.20598 0.21892 0.26156 0.31353
0.20792 0.22472 0.28987 0.27749
0.20905 0.23907 0.33087 0.22102
0.20477 0.23795 0.32102 0.23626
0.20355 0.23601 0.32208 0.23836
0.21373 0.23503 0.31097 0.24027
0.22743 0.22756 0.29363 0.25138

>MYPOP MYPOP_C1
0.21299 0.32653 0.23995 0.22052
0.21426 0.32865 0.22782 0.22927
0.21032 0.30717 0.23941 0.24309
0.22535 0.29473 0.23014 0.24977
0.24312 0.30064 0.23459 0.22166
0.24431 0.30767 0.25226 0.19576
0.27620 0.24521 0.28895 0.18964
0.22170 0.31114 0.23413 0.23302
0.16401 0.31966 0.27205 0.24428
0.27615 0.25417 0.19893 0.27075
0.19385 0.26840 0.17425 0.36350
0.34607 0.09337 0.46500 0.09556
0.26644 0.00836 0.66006 0.06514
0.01081 0.90917 0.03632 0.04370
0.00613 0.03677 0.94818 0.00892
0.02771 0.87909 0.03190 0.06130
0.45338 0.01182 0.00471 0.53009
0.92244 0.01442 0.06139 0.00175
0.54970 0.10113 0.09462 0.25455
0.11730 0.53799 0.19622 0.14850
0.14389 0.17086 0.47154 0.21372
0.17400 0.31262 0.24152 0.27187
0.28380 0.17226 0.24593 0.29801
0.33432 0.19720 0.31120 0.15728
0.24505 0.23694 0.30428 0.21374
0.21218 0.26345 0.31967 0.20469
