>SP140L SP140L_C1
0.19984 0.43521 0.18805 0.17690
0.21530 0.43769 0.18174 0.16527
0.23962 0.42304 0.17091 0.16643
0.21788 0.43032 0.18172 0.17008
0.21537 0.39923 0.19927 0.18613
0.22744 0.40653 0.17504 0.19099
0.22067 0.40621 0.18468 0.18844
0.26806 0.37461 0.17620 0.18113
0.24126 0.36924 0.17119 0.21831
0.21034 0.41360 0.17612 0.19994
0.20955 0.44416 0.17279 0.17350
0.21693 0.42178 0.15224 0.20905
0.19019 0.42483 0.18041 0.20458
0.19420 0.43957 0.16545 0.20078
0.22947 0.43638 0.14284 0.19131
0.28558 0.31128 0.16359 0.23956
0.35126 0.21527 0.18267 0.25080
0.30457 0.24255 0.19911 0.25378
0.25176 0.25940 0.23881 0.25002
0.09685 0.35908 0.10508 0.43900
0.14699 0.41525 0.08846 0.34929
0.96192 0.01410 0.01431 0.00967
0.03887 0.88513 0.05344 0.02257
0.01027 0.00843 0.97627 0.00503
0.17315 0.18030 0.14249 0.50406
0.11445 0.59836 0.11423 0.17297
0.61747 0.06339 0.20513 0.11402
0.35994 0.21029 0.17133 0.25844
0.26389 0.26529 0.27888 0.19195
0.27335 0.22534 0.26813 0.23318

>SP140L SP140L_C2
0.26011 0.35775 0.20698 0.17516
0.24896 0.36935 0.19070 0.19100
0.23258 0.38154 0.18863 0.19725
0.21175 0.38808 0.20960 0.19058
0.19116 0.43009 0.18756 0.19118
0.18366 0.45259 0.18320 0.18055
0.18471 0.45620 0.16754 0.19154
0.21151 0.41628 0.15996 0.21225
0.30263 0.29564 0.18285 0.21888
0.42293 0.19809 0.14395 0.23503
0.34253 0.20998 0.16802 0.27948
0.22030 0.26468 0.23557 0.27945
0.07035 0.41142 0.07774 0.44049
0.09726 0.44253 0.06599 0.39422
0.97428 0.01112 0.00592 0.00868
0.02036 0.90880 0.05913 0.01171
0.00743 0.01029 0.97688 0.00540
0.14733 0.13343 0.11269 0.60656
0.08488 0.74460 0.06443 0.10609
0.74846 0.02860 0.16512 0.05781
0.35997 0.21205 0.17332 0.25466
0.23041 0.29522 0.28939 0.18499
0.32883 0.19358 0.24549 0.23209
0.22375 0.30205 0.21976 0.25444
0.21943 0.22890 0.33794 0.21373
0.24448 0.23695 0.29696 0.22160
0.25399 0.28770 0.26012 0.19819
0.24441 0.27369 0.28274 0.19916
0.20856 0.25652 0.30812 0.22680
0.19972 0.26398 0.30566 0.23064

>SP140L SP140L_C3
0.26980 0.27680 0.22920 0.22419
0.27588 0.28823 0.20909 0.22680
0.24708 0.29787 0.24298 0.21207
0.21767 0.29307 0.27259 0.21668
0.19917 0.29629 0.26970 0.23483
0.19828 0.25508 0.29991 0.24673
0.22670 0.28415 0.23414 0.25501
0.21327 0.33579 0.22899 0.22195
0.26525 0.19616 0.31751 0.22108
0.24475 0.23817 0.16394 0.35314
0.18608 0.28105 0.31497 0.21790
0.25899 0.15331 0.21635 0.37136
0.04051 0.14414 0.02049 0.79485
0.07152 0.03916 0.82615 0.06317
0.67718 0.09565 0.10523 0.12194
0.00764 0.96991 0.01403 0.00842
0.01318 0.05832 0.90614 0.02235
0.00765 0.00539 0.01165 0.97531
0.45736 0.05160 0.43074 0.06031
0.51033 0.06202 0.36746 0.06018
0.29427 0.22316 0.26070 0.22187
0.29669 0.14638 0.19769 0.35924
0.25373 0.13771 0.17145 0.43711
0.21833 0.19093 0.27023 0.32050
0.21736 0.15805 0.40920 0.21538
0.18410 0.18016 0.44635 0.18939
0.18952 0.18892 0.43701 0.18455
0.18940 0.20307 0.40853 0.19900
0.18212 0.21637 0.37322 0.22829
0.18444 0.21551 0.35301 0.24704

>SP140L SP140L_C4
0.26124 0.46952 0.14677 0.12247
0.07415 0.73340 0.08208 0.11037
0.13429 0.46099 0.17284 0.23187
0.19808 0.18451 0.12573 0.49168
0.15290 0.36152 0.12650 0.35908
0.34408 0.32125 0.18905 0.14562
0.28959 0.36471 0.09322 0.25248
0.11188 0.39342 0.28002 0.21468
0.20307 0.22318 0.23865 0.33510
0.06650 0.49705 0.06486 0.37159
0.34274 0.34275 0.14716 0.16735
0.47718 0.06901 0.09138 0.36243
0.12634 0.45749 0.12913 0.28704
0.25097 0.12909 0.56294 0.05700
0.19562 0.13632 0.22128 0.44678
0.10048 0.28190 0.26438 0.35324
0.18823 0.27908 0.25267 0.28003
0.44662 0.19126 0.07279 0.28933
0.45201 0.15400 0.12468 0.26930
0.09290 0.39608 0.42627 0.08475
0.20801 0.19017 0.47496 0.12685
0.16942 0.16487 0.17624 0.48946
0.24889 0.15583 0.28855 0.30673
0.32723 0.09963 0.39133 0.18181
0.21813 0.14150 0.45061 0.18976
0.17855 0.14834 0.27622 0.39689
0.26943 0.21039 0.21948 0.30070
0.42938 0.08456 0.30982 0.17624
0.09936 0.13911 0.57298 0.18856
0.01975 0.11463 0.82612 0.03951

>ZNF286B ZNF286B_C1
0.26920 0.17190 0.22452 0.33439
0.26134 0.15325 0.23916 0.34625
0.23245 0.15563 0.29505 0.31687
0.23560 0.20113 0.24452 0.31874
0.25976 0.21024 0.25925 0.27075
0.23307 0.23865 0.26546 0.26282
0.19208 0.24732 0.26774 0.29285
0.23138 0.23461 0.29223 0.24179
0.22616 0.23360 0.24223 0.29801
0.24679 0.18725 0.22046 0.34550
0.22993 0.21404 0.21427 0.34176
0.25255 0.18791 0.25781 0.30174
0.21072 0.26487 0.20922 0.31519
0.19617 0.28225 0.26897 0.25261
0.13496 0.37408 0.23185 0.25910
0.14465 0.27740 0.18322 0.39473
0.16194 0.26858 0.24370 0.32578
0.19556 0.32732 0.26070 0.21643
0.33528 0.14853 0.28828 0.22790
0.41454 0.11366 0.20783 0.26397
0.20600 0.22122 0.41892 0.15386
0.12849 0.09665 0.59947 0.17540
0.06754 0.16038 0.15015 0.62192
0.54842 0.07169 0.06403 0.31586
0.93764 0.00827 0.00988 0.04421
0.00955 0.43391 0.50702 0.04952
0.00374 0.01874 0.97511 0.00241
0.16958 0.25974 0.16775 0.40293
0.35708 0.20074 0.13007 0.31211
0.44211 0.23025 0.16538 0.16225

>ZNF286B ZNF286B_C2
0.24348 0.23448 0.23063 0.29140
0.24446 0.20201 0.28723 0.26629
0.27777 0.22161 0.23856 0.26207
0.24127 0.21238 0.25190 0.29445
0.23830 0.18438 0.27654 0.30078
0.23604 0.20059 0.28699 0.27638
0.26306 0.21751 0.25978 0.25965
0.21790 0.30025 0.17988 0.30198
0.22873 0.18575 0.32424 0.26128
0.20891 0.19145 0.38039 0.21925
0.22263 0.16178 0.31657 0.29902
0.30708 0.14289 0.22468 0.32534
0.32968 0.13887 0.26822 0.26323
0.19100 0.23466 0.32875 0.24558
0.23217 0.44942 0.14780 0.17061
0.21115 0.13342 0.20917 0.44627
0.02521 0.86862 0.03477 0.07140
0.29007 0.26566 0.40470 0.03956
0.10418 0.04781 0.07969 0.76832
0.15837 0.07779 0.07675 0.68709
0.43323 0.27267 0.18211 0.11200
0.10104 0.64846 0.08926 0.16123
0.13180 0.45834 0.17935 0.23051
0.21384 0.16479 0.14374 0.47763
0.27730 0.19449 0.16327 0.36494
0.23907 0.25523 0.27563 0.23007
0.24078 0.32106 0.24688 0.19128
0.27041 0.23514 0.29039 0.20407
0.24964 0.23627 0.23434 0.27975
0.23133 0.20461 0.28482 0.27924

>ZNF286B ZNF286B_C3
0.27045 0.27665 0.22510 0.22780
0.28692 0.17377 0.27615 0.26316
0.30827 0.19637 0.27358 0.22179
0.23733 0.26946 0.21981 0.27339
0.44310 0.17670 0.14080 0.23939
0.26625 0.18927 0.17520 0.36927
0.19567 0.10357 0.43022 0.27054
0.23231 0.29599 0.18296 0.28875
0.25983 0.19121 0.23392 0.31504
0.59609 0.16220 0.06435 0.17737
0.30107 0.01212 0.60549 0.08131
0.00883 0.00230 0.97851 0.01036
0.00485 0.00079 0.13430 0.86005
0.99946 0.00004 0.00035 0.00016
0.98221 0.01253 0.00392 0.00134
0.00221 0.17873 0.00463 0.81443
0.00318 0.00009 0.99648 0.00024
0.99862 0.00041 0.00064 0.00033
0.00058 0.00017 0.98652 0.01273
0.10191 0.78000 0.03721 0.08088
0.00311 0.41280 0.00495 0.57914
0.13167 0.04221 0.00976 0.81636
0.18565 0.79388 0.01227 0.00820
0.00442 0.97193 0.00187 0.02178
0.05657 0.89179 0.01220 0.03944
0.51079 0.01146 0.46672 0.01103
0.14753 0.07434 0.22821 0.54993
0.17051 0.55715 0.12264 0.14969
0.33706 0.25357 0.19912 0.21025
0.27148 0.28726 0.20691 0.23435

>ZBTB47 ZBTB47_C1
0.14595 0.42828 0.15318 0.27259
0.16844 0.09706 0.61063 0.12387
0.09305 0.07578 0.70866 0.12250
0.19276 0.30601 0.26754 0.23369
0.31338 0.27888 0.25709 0.15066
0.33046 0.24882 0.19678 0.22394
0.21058 0.23835 0.27764 0.27343
0.05381 0.20013 0.40972 0.33635
0.54767 0.13885 0.15443 0.15905
0.71353 0.05176 0.11395 0.12075
0.54419 0.09788 0.23451 0.12342
0.03075 0.04541 0.81296 0.11087
0.13828 0.02084 0.79895 0.04193
0.00072 0.00078 0.99830 0.00020
0.00768 0.00245 0.00232 0.98755
0.00321 0.01902 0.07925 0.89852
0.91825 0.02609 0.03482 0.02084
0.90155 0.04032 0.03754 0.02059
0.22008 0.24598 0.18270 0.35123
0.20607 0.20460 0.31751 0.27182
0.20391 0.21607 0.33865 0.24137
0.19943 0.22051 0.33067 0.24939
0.20408 0.21922 0.33511 0.24159
0.20964 0.22252 0.33394 0.23390
0.21030 0.21927 0.32834 0.24209
0.20642 0.22204 0.32400 0.24754
0.21004 0.21821 0.32917 0.24258
0.20938 0.22145 0.33219 0.23698
0.20863 0.22640 0.32910 0.23587
0.20633 0.22611 0.33459 0.23297

>ZBTB47 ZBTB47_C2
0.11346 0.48423 0.10060 0.30171
0.13701 0.05010 0.74249 0.07040
0.04923 0.03393 0.84911 0.06774
0.17051 0.32941 0.25510 0.24498
0.38236 0.24939 0.25545 0.11280
0.37281 0.23149 0.19111 0.20459
0.17784 0.22671 0.31813 0.27732
0.02234 0.17725 0.45857 0.34185
0.68620 0.08904 0.11473 0.11002
0.86283 0.01970 0.04877 0.06870
0.63982 0.06204 0.21468 0.08347
0.01287 0.02072 0.90541 0.06099
0.07216 0.00692 0.90413 0.01679
0.00012 0.00009 0.99971 0.00007
0.00052 0.00028 0.00022 0.99898
0.00061 0.00291 0.01746 0.97902
0.98315 0.00642 0.00477 0.00565
0.97657 0.01172 0.00730 0.00441
0.22346 0.23644 0.13446 0.40565
0.20543 0.18591 0.32601 0.28265
0.20245 0.19815 0.35226 0.24713
0.19491 0.20319 0.34830 0.25359
0.20336 0.20145 0.35471 0.24048
0.21061 0.20254 0.34649 0.24035
0.20862 0.20573 0.34091 0.24475
0.20708 0.20681 0.33580 0.25031
0.20840 0.20451 0.34048 0.24660
0.20964 0.20403 0.34566 0.24067
0.20862 0.20641 0.34832 0.23665
0.20763 0.20768 0.35327 0.23141

>ZBTB47 ZBTB47_C3
0.07478 0.56805 0.04387 0.31330
0.10779 0.02520 0.83732 0.02969
0.01973 0.01244 0.94102 0.02682
0.14459 0.39360 0.21699 0.24483
0.46148 0.22632 0.23965 0.07255
0.40474 0.23522 0.17632 0.18371
0.14629 0.24162 0.31493 0.29716
0.00843 0.16767 0.50994 0.31396
0.78807 0.06361 0.07722 0.07110
0.94221 0.00756 0.01687 0.03336
0.70235 0.04389 0.19337 0.06039
0.00273 0.00742 0.96080 0.02905
0.03824 0.00295 0.95343 0.00537
0.00001 0.00001 0.99997 0.00001
0.00001 0.00001 0.00001 0.99998
0.00008 0.00063 0.00135 0.99795
0.99867 0.00074 0.00025 0.00034
0.99512 0.00361 0.00060 0.00066
0.19778 0.24644 0.10557 0.45020
0.19497 0.18509 0.33534 0.28460
0.19139 0.20424 0.35586 0.24850
0.18278 0.20765 0.35151 0.25806
0.19534 0.20639 0.35539 0.24289
0.20605 0.20474 0.34848 0.24074
0.20471 0.20991 0.33697 0.24840
0.20171 0.21112 0.33472 0.25245
0.20243 0.20747 0.34224 0.24786
0.20249 0.21005 0.34839 0.23907
0.20146 0.21286 0.35334 0.23234
0.19803 0.21425 0.36234 0.22538

>ZBTB47 ZBTB47_C4
0.18347 0.25187 0.21781 0.34684
0.24158 0.25048 0.29895 0.20899
0.05444 0.57499 0.02140 0.34916
0.06284 0.00818 0.92113 0.00785
0.00610 0.00260 0.98438 0.00692
0.11464 0.42532 0.20648 0.25357
0.52111 0.18051 0.24826 0.05012
0.44307 0.19494 0.19400 0.16798
0.11146 0.27593 0.30257 0.31004
0.00241 0.11508 0.64703 0.23548
0.87692 0.03721 0.04327 0.04260
0.97613 0.00221 0.00550 0.01615
0.73661 0.02255 0.20316 0.03768
0.00051 0.00198 0.98685 0.01065
0.01405 0.00075 0.98400 0.00121
0.00000 0.00000 1.00000 0.00000
0.00001 0.00001 0.00000 0.99997
0.00002 0.00010 0.00003 0.99985
0.99996 0.00002 0.00001 0.00001
0.99909 0.00076 0.00007 0.00008
0.17523 0.23556 0.09404 0.49517
0.17691 0.16239 0.38500 0.27570
0.18084 0.17739 0.39702 0.24475
0.17560 0.18447 0.38333 0.25660
0.19107 0.17297 0.38717 0.24880
0.20011 0.18194 0.36974 0.24821
0.20247 0.18601 0.36014 0.25138
0.19681 0.18793 0.34883 0.26643
0.20083 0.17900 0.36855 0.25161
0.19748 0.18037 0.37772 0.24443

>FIZ1 FIZ1_C1
0.08374 0.73658 0.09439 0.08530
0.05783 0.69578 0.16653 0.07987
0.14710 0.35024 0.07734 0.42532
0.16117 0.24168 0.16598 0.43116
0.36371 0.28388 0.22082 0.13159
0.18998 0.60256 0.13454 0.07292
0.04725 0.86404 0.03423 0.05447
0.12784 0.43926 0.15093 0.28196
0.17951 0.17624 0.05588 0.58837
0.26998 0.30847 0.17793 0.24363
0.44382 0.23731 0.17216 0.14672
0.31712 0.33182 0.19498 0.15608
0.23113 0.46654 0.21087 0.09146
0.30972 0.30433 0.16773 0.21823
0.15443 0.45666 0.20972 0.17919
0.39512 0.14252 0.29482 0.16754
0.48056 0.14961 0.08216 0.28767
0.25673 0.37281 0.25151 0.11895
0.32340 0.22949 0.30620 0.14091
0.35646 0.19095 0.22133 0.23126
0.46527 0.10693 0.24548 0.18232
0.18610 0.50592 0.19525 0.11273
0.36797 0.27369 0.28389 0.07445
0.50443 0.11781 0.06633 0.31143
0.22671 0.34956 0.21342 0.21031
0.41190 0.18328 0.29799 0.10682
0.45209 0.11736 0.06596 0.36460
0.30559 0.16369 0.27708 0.25364
0.37130 0.09367 0.28746 0.24757
0.44076 0.07770 0.20386 0.27768

>FIZ1 FIZ1_C2
0.07925 0.64462 0.13110 0.14503
0.07892 0.65998 0.09695 0.16415
0.13388 0.42720 0.16126 0.27767
0.16417 0.35506 0.12543 0.35534
0.14528 0.55693 0.11820 0.17958
0.16361 0.55385 0.11821 0.16433
0.16547 0.36387 0.15803 0.31263
0.17132 0.48099 0.09077 0.25693
0.27310 0.39260 0.12419 0.21011
0.26177 0.42321 0.11464 0.20038
0.20144 0.47719 0.21602 0.10536
0.20948 0.24922 0.35363 0.18767
0.09129 0.57925 0.04872 0.28073
0.51433 0.26911 0.10289 0.11367
0.18679 0.32894 0.23322 0.25105
0.31211 0.24528 0.30407 0.13855
0.55679 0.20767 0.11704 0.11850
0.09407 0.41717 0.05748 0.43128
0.27644 0.06864 0.22227 0.43265
0.21160 0.45040 0.05116 0.28684
0.27102 0.08512 0.56152 0.08233
0.58467 0.22710 0.05750 0.13074
0.74362 0.10216 0.10869 0.04553
0.24589 0.41306 0.16618 0.17487
0.22281 0.32129 0.18902 0.26687
0.29799 0.33521 0.18779 0.17902
0.62611 0.05777 0.15305 0.16307
0.34704 0.11831 0.25786 0.27678
0.31042 0.14446 0.40318 0.14194
0.51085 0.12009 0.18057 0.18849

>FIZ1 FIZ1_C3
0.07288 0.04951 0.81697 0.06064
0.14785 0.18420 0.17206 0.49589
0.21524 0.32607 0.18128 0.27741
0.26321 0.31056 0.21913 0.20709
0.10928 0.17622 0.05225 0.66225
0.08313 0.20877 0.55673 0.15137
0.50063 0.10046 0.30697 0.09194
0.22420 0.02731 0.71789 0.03060
0.01602 0.01991 0.04024 0.92382
0.08994 0.01408 0.45352 0.44246
0.02653 0.91814 0.02344 0.03189
0.12760 0.02664 0.80726 0.03849
0.89270 0.01528 0.04480 0.04721
0.82141 0.00857 0.15768 0.01234
0.09367 0.00857 0.14319 0.75457
0.02031 0.46985 0.19030 0.31954
0.18050 0.49484 0.25489 0.06977
0.09885 0.03250 0.17573 0.69293
0.11855 0.01685 0.81571 0.04889
0.06736 0.73668 0.17011 0.02585
0.07979 0.18943 0.63711 0.09368
0.20949 0.35668 0.24461 0.18923
0.28317 0.20730 0.29841 0.21111
0.30157 0.16467 0.34204 0.19173
0.27502 0.17375 0.33936 0.21187
0.22068 0.17727 0.39269 0.20936
0.26105 0.18573 0.34660 0.20662
0.26109 0.19412 0.34087 0.20392
0.23883 0.17137 0.39735 0.19245
0.21708 0.18411 0.41640 0.18242

>FIZ1 FIZ1_C4
0.05209 0.01904 0.89768 0.03120
0.14420 0.15677 0.18533 0.51370
0.22598 0.28900 0.21490 0.27013
0.26108 0.31528 0.23901 0.18462
0.10196 0.16883 0.05030 0.67892
0.05275 0.18658 0.66008 0.10059
0.55828 0.07325 0.30919 0.05928
0.20635 0.00085 0.79154 0.00126
0.00198 0.00069 0.00828 0.98906
0.04431 0.00105 0.50900 0.44565
0.00715 0.97920 0.00580 0.00785
0.06493 0.00256 0.92276 0.00975
0.98658 0.00026 0.01171 0.00145
0.92893 0.00073 0.06972 0.00062
0.06194 0.00111 0.03793 0.89903
0.00803 0.55588 0.09179 0.34430
0.13287 0.63730 0.18594 0.04389
0.04039 0.02363 0.14319 0.79280
0.04424 0.00686 0.91686 0.03204
0.02164 0.92148 0.05074 0.00615
0.03212 0.16040 0.75789 0.04958
0.12471 0.53609 0.18785 0.15135
0.23621 0.24202 0.31500 0.20677
0.25451 0.21521 0.29156 0.23872
0.23966 0.22526 0.28433 0.25076
0.22040 0.23533 0.29007 0.25420
0.21723 0.23478 0.29149 0.25650
0.22095 0.23559 0.31073 0.23273
0.21468 0.22698 0.31907 0.23928
0.20948 0.23430 0.31210 0.24412

>GCM1 GCM1_C1
0.13153 0.19781 0.15853 0.51213
0.20333 0.18863 0.19250 0.41555
0.31630 0.16905 0.13286 0.38178
0.19728 0.17880 0.29040 0.33352
0.13122 0.18767 0.36024 0.32087
0.23631 0.16859 0.21173 0.38337
0.22780 0.17968 0.16919 0.42332
0.13238 0.20535 0.27788 0.38439
0.19497 0.13359 0.31264 0.35880
0.07341 0.28060 0.22524 0.42075
0.19078 0.20191 0.27106 0.33625
0.12760 0.32530 0.12720 0.41991
0.11704 0.22132 0.43765 0.22399
0.26089 0.06655 0.24575 0.42681
0.04958 0.35960 0.07280 0.51801
0.15096 0.11406 0.63520 0.09978
0.33493 0.12936 0.09834 0.43737
0.17679 0.19193 0.33471 0.29657
0.17522 0.11714 0.54519 0.16246
0.19221 0.15334 0.21555 0.43891
0.21131 0.12811 0.26268 0.39790
0.37491 0.11917 0.27762 0.22830
0.26574 0.05620 0.57259 0.10546
0.10080 0.04848 0.80154 0.04918
0.03111 0.06601 0.86591 0.03697
0.02329 0.08056 0.82172 0.07443
0.08419 0.20581 0.54889 0.16111
0.29266 0.20626 0.27735 0.22372
0.31414 0.20670 0.26943 0.20973
0.22578 0.18840 0.44340 0.14242

>GCM1 GCM1_C2
0.16959 0.23975 0.16692 0.42374
0.22363 0.20617 0.18367 0.38652
0.19356 0.20739 0.22202 0.37704
0.17617 0.21268 0.23236 0.37879
0.23179 0.15311 0.25623 0.35887
0.13677 0.29093 0.21754 0.35475
0.19971 0.15272 0.29596 0.35160
0.23761 0.18186 0.16737 0.41316
0.16484 0.27645 0.21908 0.33963
0.23144 0.07196 0.38326 0.31334
0.08180 0.43305 0.03064 0.45451
0.06593 0.19046 0.58463 0.15898
0.26193 0.27187 0.02013 0.44607
0.10528 0.19150 0.26657 0.43665
0.26819 0.14070 0.31360 0.27751
0.17572 0.22611 0.25820 0.33997
0.14047 0.12657 0.37623 0.35673
0.24107 0.13147 0.33452 0.29293
0.22892 0.14998 0.27916 0.34193
0.25994 0.12623 0.28448 0.32935
0.28416 0.08409 0.24510 0.38665
0.27492 0.10623 0.36611 0.25275
0.21533 0.05799 0.66200 0.06468
0.06121 0.03850 0.86118 0.03912
0.02025 0.03609 0.90898 0.03468
0.01613 0.06958 0.85962 0.05466
0.12126 0.15737 0.55403 0.16733
0.23614 0.23178 0.28208 0.25000
0.29822 0.22094 0.30209 0.17874
0.23718 0.21623 0.37628 0.17031

>GCM1 GCM1_C3
0.12982 0.40455 0.25040 0.21522
0.15957 0.26884 0.16612 0.40547
0.48712 0.15615 0.23199 0.12474
0.03350 0.93206 0.01756 0.01687
0.02392 0.93189 0.03131 0.01289
0.05676 0.87397 0.01118 0.05809
0.05618 0.22583 0.49930 0.21869
0.01993 0.80360 0.02911 0.14736
0.84069 0.02725 0.03369 0.09837
0.08455 0.18213 0.03542 0.69790
0.21280 0.40790 0.26021 0.11909
0.38806 0.26862 0.16239 0.18093
0.25273 0.36989 0.10343 0.27395
0.29498 0.33250 0.21183 0.16069
0.31665 0.31547 0.14581 0.22207
0.28885 0.28647 0.25652 0.16815
0.31624 0.23342 0.26586 0.18448
0.34348 0.24611 0.26282 0.14759
0.34191 0.23739 0.27980 0.14091
0.36159 0.23137 0.26963 0.13740
0.37866 0.24803 0.22946 0.14384
0.33654 0.26513 0.26853 0.12980
0.32653 0.26002 0.22962 0.18383
0.36233 0.23791 0.24864 0.15112
0.35088 0.26419 0.25167 0.13326
0.32957 0.22856 0.25594 0.18592
0.33941 0.24013 0.22463 0.19584
0.35739 0.25902 0.24754 0.13605
0.37294 0.22208 0.23332 0.17166
0.33097 0.25550 0.22397 0.18956

>GCM1 GCM1_C4
0.18897 0.24131 0.30325 0.26646
0.17154 0.24850 0.29665 0.28332
0.18010 0.25140 0.28736 0.28114
0.17210 0.26343 0.28034 0.28413
0.20834 0.23938 0.28510 0.26718
0.22836 0.22421 0.30748 0.23995
0.26639 0.16080 0.34153 0.23128
0.20814 0.19515 0.35306 0.24365
0.29097 0.13121 0.36653 0.21128
0.20469 0.19429 0.29254 0.30848
0.12172 0.30310 0.38330 0.19188
0.88513 0.01559 0.08783 0.01144
0.04471 0.00448 0.01768 0.93313
0.08385 0.00423 0.90852 0.00340
0.11386 0.81962 0.05474 0.01177
0.02912 0.00121 0.94452 0.02514
0.00769 0.00348 0.98021 0.00862
0.00390 0.00105 0.99203 0.00302
0.06861 0.23197 0.03350 0.66591
0.52286 0.11527 0.25297 0.10890
0.14451 0.29734 0.43604 0.12212
0.15011 0.32261 0.30614 0.22114
0.23601 0.23355 0.34589 0.18455
0.19756 0.20506 0.40321 0.19417
0.18534 0.23722 0.37065 0.20678
0.28687 0.17366 0.34456 0.19491
0.21098 0.18895 0.36254 0.23754
0.22169 0.19848 0.34514 0.23469
0.23848 0.19356 0.34170 0.22626
0.23628 0.20475 0.33721 0.22175

>CREB3L3 CREB3L3_C1
0.17623 0.06382 0.14508 0.61486
0.12297 0.32598 0.00798 0.54306
0.53897 0.16337 0.11779 0.17986
0.69421 0.02923 0.05198 0.22459
0.06624 0.27816 0.49675 0.15885
0.05083 0.09125 0.81017 0.04774
0.10495 0.17673 0.14657 0.57175
0.15031 0.30142 0.20455 0.34371
0.26989 0.10318 0.32663 0.30029
0.12569 0.26019 0.27305 0.34108
0.26935 0.17517 0.41781 0.13767
0.18334 0.17749 0.24431 0.39485
0.10799 0.23355 0.44794 0.21053
0.22069 0.10001 0.41210 0.26719
0.16113 0.25851 0.26702 0.31334
0.22039 0.09377 0.51227 0.17356
0.15924 0.17039 0.40537 0.26500
0.14034 0.13685 0.51119 0.21162
0.15649 0.18635 0.39763 0.25953
0.17391 0.15171 0.39647 0.27791
0.17902 0.10943 0.48895 0.22260
0.13206 0.17375 0.52856 0.16563
0.21221 0.13529 0.45316 0.19934
0.21981 0.11815 0.43045 0.23159
0.14362 0.14383 0.58089 0.13166
0.13288 0.11728 0.54811 0.20173
0.13367 0.17233 0.51466 0.17935
0.13615 0.18973 0.48473 0.18939
0.11793 0.15728 0.57555 0.14923
0.13210 0.15949 0.58142 0.12699

>CREB3L3 CREB3L3_C2
0.22603 0.36958 0.16338 0.24101
0.16470 0.39232 0.19437 0.24861
0.28396 0.25064 0.20930 0.25609
0.13530 0.28623 0.20981 0.36866
0.19924 0.09808 0.48534 0.21734
0.10583 0.51691 0.12069 0.25657
0.13809 0.50239 0.21629 0.14323
0.55219 0.08334 0.09933 0.26513
0.02630 0.79922 0.06425 0.11023
0.08114 0.16293 0.73191 0.02402
0.10116 0.06958 0.02783 0.80143
0.09796 0.39286 0.21259 0.29659
0.42587 0.12993 0.32626 0.11795
0.15664 0.34765 0.15312 0.34259
0.12173 0.40326 0.30962 0.16538
0.27677 0.24177 0.26388 0.21757
0.20940 0.23921 0.19255 0.35885
0.14688 0.20714 0.42744 0.21853
0.26891 0.12446 0.35474 0.25189
0.41003 0.09609 0.28924 0.20464
0.31156 0.11722 0.43209 0.13914
0.15370 0.14268 0.63012 0.07350
0.11556 0.20644 0.57113 0.10687
0.16475 0.23924 0.38871 0.20730
0.35001 0.15326 0.26503 0.23170
0.35498 0.08408 0.32917 0.23177
0.25700 0.07817 0.52562 0.13921
0.15769 0.14924 0.57550 0.11756
0.16382 0.20879 0.47673 0.15066
0.19034 0.28105 0.38194 0.14666

>CREB3L3 CREB3L3_C3
0.23408 0.37500 0.19261 0.19832
0.23434 0.38044 0.19663 0.18859
0.23806 0.36759 0.20797 0.18637
0.21279 0.37232 0.21314 0.20175
0.20953 0.38148 0.21690 0.19208
0.19914 0.40625 0.20515 0.18946
0.23429 0.34557 0.20084 0.21930
0.26636 0.33974 0.17894 0.21496
0.24845 0.38171 0.18212 0.18773
0.23139 0.33508 0.25091 0.18262
0.11342 0.24992 0.15443 0.48224
0.05846 0.07388 0.66750 0.20016
0.11804 0.80448 0.02689 0.05059
0.06262 0.83480 0.03932 0.06326
0.90136 0.02130 0.01126 0.06608
0.00893 0.95273 0.02278 0.01555
0.01950 0.08913 0.88439 0.00698
0.03639 0.03036 0.00679 0.92646
0.10134 0.63735 0.12681 0.13450
0.70179 0.05102 0.16993 0.07726
0.16063 0.36960 0.10454 0.36523
0.12396 0.63067 0.16552 0.07986
0.44663 0.23576 0.18104 0.13657
0.22552 0.35087 0.18477 0.23884
0.21364 0.28513 0.25044 0.25080
0.25260 0.24420 0.25411 0.24909
0.27077 0.26859 0.24741 0.21324
0.24373 0.27151 0.28680 0.19796
0.22998 0.25643 0.30796 0.20563
0.26172 0.26403 0.28224 0.19201

>CREB3L3 CREB3L3_C4
0.20932 0.24146 0.32319 0.22603
0.20845 0.23666 0.33540 0.21949
0.25160 0.18648 0.34019 0.22173
0.34112 0.14875 0.29889 0.21125
0.29580 0.16908 0.33168 0.20343
0.16477 0.13470 0.51486 0.18567
0.03553 0.10479 0.07338 0.78630
0.01559 0.01526 0.91355 0.05560
0.59361 0.03182 0.35052 0.02405
0.02390 0.03009 0.00321 0.94280
0.00896 0.03706 0.95045 0.00354
0.99829 0.00006 0.00150 0.00015
0.00065 0.99297 0.00602 0.00035
0.00029 0.00012 0.99935 0.00023
0.00537 0.00025 0.00200 0.99238
0.00246 0.00292 0.99422 0.00041
0.00187 0.00009 0.97661 0.02144
0.11661 0.87769 0.00276 0.00293
0.78403 0.03279 0.16851 0.01467
0.13124 0.32178 0.35242 0.19456
0.16442 0.17568 0.28206 0.37784
0.17721 0.18305 0.25758 0.38216
0.17989 0.20386 0.30822 0.30803
0.17638 0.21072 0.36287 0.25003
0.17877 0.21163 0.37106 0.23853
0.18411 0.21666 0.37318 0.22605
0.18721 0.21468 0.35512 0.24299
0.19041 0.21492 0.35118 0.24349
0.19159 0.21602 0.34657 0.24582
0.20213 0.20901 0.35272 0.23614

>MKX MKX_C1
0.20669 0.30987 0.20741 0.27604
0.23600 0.21341 0.24739 0.30321
0.15748 0.31506 0.16878 0.35868
0.09075 0.64894 0.13846 0.12186
0.55879 0.05031 0.14820 0.24270
0.02941 0.06984 0.03855 0.86219
0.01187 0.04746 0.91694 0.02372
0.05740 0.03847 0.03050 0.87363
0.26682 0.16331 0.03037 0.53950
0.35035 0.24064 0.22906 0.17994
0.25063 0.19959 0.26810 0.28168
0.24192 0.18448 0.37766 0.19594
0.16688 0.19799 0.41222 0.22291
0.20376 0.15821 0.42183 0.21620
0.23440 0.16197 0.41708 0.18655
0.19162 0.16362 0.41751 0.22724
0.21610 0.20768 0.41845 0.15777
0.22115 0.19107 0.37040 0.21738
0.22317 0.19060 0.39893 0.18729
0.19989 0.15201 0.46017 0.18794
0.18712 0.17977 0.42738 0.20574
0.21493 0.18479 0.36849 0.23180
0.22202 0.14944 0.41728 0.21126
0.22549 0.18168 0.41840 0.17442
0.25614 0.13739 0.44923 0.15724
0.20033 0.14911 0.49047 0.16009
0.20207 0.14506 0.47187 0.18100
0.20228 0.19140 0.42432 0.18199
0.20166 0.17612 0.46519 0.15703
0.13289 0.14807 0.56832 0.15072

>MKX MKX_C2
0.16354 0.45697 0.20119 0.17830
0.20106 0.46999 0.18365 0.14530
0.15255 0.48668 0.15945 0.20133
0.20131 0.40529 0.18747 0.20593
0.18414 0.44703 0.16029 0.20854
0.19092 0.46336 0.17221 0.17350
0.21262 0.40076 0.17418 0.21244
0.18356 0.42781 0.18478 0.20385
0.16703 0.41608 0.20123 0.21565
0.17090 0.47516 0.15297 0.20098
0.21563 0.38528 0.18290 0.21618
0.21429 0.43102 0.16235 0.19234
0.19893 0.40572 0.17895 0.21639
0.20865 0.37219 0.19294 0.22623
0.20714 0.37651 0.19450 0.22185
0.17610 0.42928 0.18376 0.21086
0.20644 0.42914 0.16783 0.19659
0.20780 0.42454 0.15777 0.20990
0.18024 0.43378 0.18724 0.19873
0.22618 0.39787 0.19606 0.17988
0.18396 0.38991 0.19101 0.23511
0.30052 0.26701 0.19181 0.24066
0.22592 0.22064 0.23438 0.31905
0.60657 0.02872 0.12524 0.23947
0.87529 0.04531 0.04934 0.03006
0.01294 0.93251 0.04172 0.01283
0.84426 0.05844 0.07208 0.02522
0.20042 0.12071 0.06073 0.61815
0.09985 0.17255 0.66615 0.06146
0.36610 0.15925 0.31689 0.15776

>MKX MKX_C3
0.20824 0.40847 0.19371 0.18958
0.19680 0.42983 0.18405 0.18932
0.18778 0.41624 0.19175 0.20422
0.20615 0.37215 0.19624 0.22547
0.20235 0.39580 0.19567 0.20618
0.19722 0.39680 0.19174 0.21424
0.19776 0.40326 0.17966 0.21931
0.19609 0.37882 0.18748 0.23761
0.20203 0.39087 0.19764 0.20946
0.23186 0.36824 0.19084 0.20905
0.19441 0.39669 0.18769 0.22120
0.18482 0.38108 0.22069 0.21341
0.17280 0.39905 0.17465 0.25351
0.19360 0.41817 0.17067 0.21757
0.20904 0.37532 0.18411 0.23154
0.16174 0.43433 0.15668 0.24725
0.20663 0.41851 0.21211 0.16274
0.16189 0.39673 0.18959 0.25179
0.30371 0.29770 0.19496 0.20363
0.22212 0.18683 0.27548 0.31556
0.62286 0.02379 0.11667 0.23668
0.90095 0.03805 0.04213 0.01888
0.00533 0.96555 0.02359 0.00553
0.89446 0.04699 0.04328 0.01528
0.18033 0.13398 0.05945 0.62623
0.06684 0.13221 0.76856 0.03238
0.35040 0.22199 0.26673 0.16089
0.24861 0.31118 0.14167 0.29854
0.27743 0.25087 0.22710 0.24459
0.26079 0.22651 0.21115 0.30154

>MKX MKX_C4
0.29850 0.21256 0.21713 0.27182
0.30341 0.18131 0.21999 0.29529
0.28026 0.20534 0.22879 0.28561
0.31358 0.18063 0.24016 0.26563
0.28010 0.23123 0.20411 0.28456
0.32018 0.21833 0.19396 0.26752
0.29538 0.23229 0.22651 0.24582
0.35324 0.19401 0.22048 0.23227
0.34972 0.15638 0.20163 0.29227
0.31699 0.17119 0.19911 0.31271
0.34256 0.11768 0.25696 0.28280
0.20323 0.17730 0.20618 0.41329
0.01991 0.85381 0.08159 0.04469
0.73881 0.02215 0.10310 0.13594
0.00275 0.00166 0.00863 0.98697
0.00157 0.00848 0.98881 0.00115
0.00166 0.00211 0.00434 0.99188
0.27156 0.03105 0.00276 0.69463
0.33775 0.28922 0.10738 0.26565
0.16732 0.17482 0.21215 0.44571
0.31719 0.17270 0.33754 0.17257
0.19792 0.20980 0.31600 0.27628
0.32263 0.14439 0.36866 0.16432
0.27926 0.16892 0.32503 0.22679
0.28332 0.17448 0.31118 0.23102
0.31192 0.18391 0.29140 0.21277
0.26837 0.22918 0.27901 0.22344
0.28097 0.18224 0.30136 0.23543
0.25330 0.18738 0.28645 0.27286
0.24920 0.17656 0.28527 0.28896

>ZNF721 ZNF721_C1
0.25485 0.24008 0.25415 0.25093
0.23994 0.23065 0.28360 0.24581
0.22058 0.22677 0.30053 0.25213
0.26258 0.19099 0.28244 0.26400
0.35526 0.15632 0.21117 0.27724
0.12946 0.14731 0.66113 0.06211
0.09083 0.04435 0.82437 0.04045
0.25213 0.10526 0.36121 0.28140
0.33480 0.16490 0.24110 0.25920
0.42654 0.23467 0.27820 0.06058
0.05441 0.37482 0.21485 0.35592
0.22409 0.22077 0.47166 0.08348
0.03571 0.92643 0.00647 0.03140
0.01004 0.07886 0.00617 0.90494
0.13058 0.07296 0.67785 0.11861
0.05177 0.21021 0.17999 0.55803
0.09122 0.02682 0.02032 0.86164
0.03155 0.19687 0.05270 0.71888
0.13280 0.21942 0.20952 0.43826
0.24888 0.20037 0.24063 0.31011
0.16347 0.22629 0.23004 0.38019
0.18687 0.19470 0.31904 0.29939
0.22666 0.20000 0.35043 0.22291
0.22475 0.20864 0.33252 0.23409
0.24146 0.19374 0.33860 0.22619
0.24807 0.20085 0.34739 0.20369
0.23516 0.20806 0.33675 0.22003
0.22548 0.19997 0.35722 0.21733
0.22738 0.20217 0.35374 0.21671
0.22311 0.19370 0.37117 0.21202

>ZNF721 ZNF721_C2
0.20050 0.24210 0.28097 0.27642
0.21002 0.23360 0.28786 0.26852
0.19900 0.25309 0.27809 0.26982
0.19977 0.24592 0.29206 0.26224
0.21937 0.22328 0.26857 0.28878
0.24254 0.21348 0.26695 0.27703
0.22298 0.21784 0.29783 0.26134
0.20185 0.19583 0.33473 0.26760
0.20330 0.16953 0.32027 0.30689
0.35101 0.10752 0.18548 0.35599
0.05321 0.05444 0.87704 0.01530
0.03290 0.00597 0.95654 0.00460
0.36417 0.09522 0.30503 0.23557
0.40300 0.08990 0.21913 0.28797
0.56077 0.19842 0.21375 0.02707
0.02158 0.51373 0.12846 0.33623
0.21849 0.17039 0.52454 0.08658
0.00495 0.98868 0.00036 0.00601
0.00030 0.01532 0.00047 0.98391
0.06944 0.01687 0.85710 0.05659
0.01846 0.20966 0.10093 0.67095
0.04951 0.00285 0.00241 0.94523
0.00630 0.11990 0.04034 0.83346
0.07008 0.14286 0.12579 0.66128
0.20647 0.18204 0.18095 0.43054
0.13985 0.19923 0.17401 0.48690
0.16760 0.17911 0.28536 0.36793
0.21225 0.19279 0.34624 0.24871
0.21932 0.21273 0.30392 0.26402
0.23001 0.20677 0.31570 0.24752

>ZNF721 ZNF721_C3
0.20299 0.26390 0.25586 0.27725
0.20560 0.26181 0.25984 0.27275
0.20708 0.27599 0.24864 0.26829
0.20301 0.28361 0.25100 0.26238
0.23725 0.24198 0.23819 0.28258
0.25624 0.22763 0.23891 0.27723
0.21659 0.23278 0.28364 0.26699
0.19065 0.20651 0.32293 0.27991
0.19888 0.15430 0.29587 0.35095
0.38887 0.08277 0.12176 0.40660
0.01747 0.02243 0.95824 0.00186
0.00440 0.00005 0.99547 0.00008
0.46682 0.12581 0.22165 0.18571
0.47229 0.05851 0.16560 0.30359
0.77352 0.11212 0.10824 0.00612
0.00272 0.66744 0.04376 0.28608
0.22902 0.17256 0.54245 0.05597
0.00020 0.99964 0.00000 0.00016
0.00000 0.00072 0.00000 0.99928
0.02715 0.00208 0.95678 0.01399
0.00621 0.22379 0.03460 0.73540
0.01326 0.00014 0.00011 0.98650
0.00096 0.07420 0.01573 0.90910
0.03433 0.09779 0.05677 0.81111
0.16520 0.18974 0.13578 0.50929
0.10421 0.18901 0.14222 0.56456
0.13947 0.17216 0.28172 0.40665
0.19190 0.19282 0.36171 0.25356
0.20476 0.21521 0.30750 0.27253
0.21445 0.21310 0.32050 0.25195

>ZNF831 ZNF831_C1
0.18431 0.35049 0.20517 0.26004
0.20039 0.30882 0.24592 0.24487
0.20177 0.31964 0.23747 0.24112
0.24436 0.26937 0.23252 0.25375
0.24387 0.23208 0.28965 0.23440
0.22625 0.23037 0.29338 0.25000
0.24328 0.20658 0.27452 0.27562
0.26001 0.26054 0.22367 0.25578
0.27253 0.23533 0.20219 0.28996
0.18200 0.30144 0.21331 0.30325
0.18128 0.36896 0.21384 0.23591
0.28480 0.22713 0.21576 0.27230
0.18307 0.27790 0.18793 0.35110
0.10585 0.01203 0.87656 0.00556
0.01185 0.05967 0.79441 0.13407
0.48003 0.05038 0.44641 0.02318
0.39058 0.02611 0.16623 0.41708
0.01567 0.23380 0.05967 0.69087
0.14940 0.44970 0.14229 0.25860
0.14772 0.47721 0.08493 0.29014
0.00953 0.97709 0.00564 0.00774
0.04678 0.33397 0.52307 0.09618
0.19781 0.19103 0.20118 0.40997
0.25697 0.13575 0.33694 0.27034
0.28667 0.16401 0.32607 0.22325
0.26989 0.21829 0.28330 0.22852
0.21447 0.23877 0.25835 0.28841
0.23262 0.24527 0.26850 0.25360
0.19516 0.29745 0.25217 0.25522
0.18701 0.28907 0.32196 0.20196

>ZNF831 ZNF831_C2
0.20617 0.29850 0.29400 0.20133
0.21855 0.26186 0.31674 0.20284
0.21435 0.24687 0.32758 0.21120
0.24074 0.22180 0.33516 0.20230
0.23099 0.25049 0.27950 0.23902
0.26178 0.26395 0.23613 0.23814
0.22271 0.32719 0.18253 0.26757
0.18440 0.37988 0.19071 0.24501
0.17000 0.44189 0.14953 0.23858
0.25137 0.25409 0.27706 0.21748
0.13467 0.36809 0.10800 0.38925
0.04035 0.00060 0.95870 0.00036
0.00428 0.03511 0.86421 0.09641
0.65631 0.01288 0.32226 0.00855
0.48858 0.00827 0.15185 0.35130
0.00772 0.13230 0.01719 0.84279
0.06424 0.59112 0.04892 0.29572
0.07079 0.59849 0.03482 0.29591
0.00331 0.99257 0.00081 0.00330
0.02654 0.51112 0.37744 0.08490
0.20169 0.16262 0.34800 0.28768
0.25892 0.15894 0.37652 0.20562
0.27547 0.16337 0.36605 0.19511
0.28527 0.18723 0.28595 0.24154
0.22840 0.24782 0.24510 0.27867
0.20217 0.31648 0.21461 0.26674
0.16624 0.41085 0.20729 0.21562
0.16974 0.38648 0.23263 0.21114
0.18296 0.32816 0.29467 0.19421
0.20364 0.28664 0.31187 0.19785

>ZNF831 ZNF831_C3
0.15079 0.40045 0.26449 0.18427
0.14822 0.33537 0.36640 0.15000
0.15425 0.19733 0.54470 0.10372
0.17940 0.10697 0.60535 0.10827
0.27417 0.12622 0.45182 0.14779
0.34443 0.16401 0.27530 0.21626
0.24964 0.25764 0.13938 0.35334
0.15178 0.42233 0.09712 0.32876
0.14907 0.49910 0.10141 0.25043
0.19803 0.52413 0.10932 0.16852
0.04610 0.50548 0.43274 0.01568
0.00098 0.00009 0.99852 0.00041
0.30366 0.02122 0.63541 0.03971
0.22987 0.03072 0.71668 0.02273
0.92892 0.00336 0.06357 0.00415
0.31527 0.11011 0.00263 0.57199
0.00364 0.19747 0.00330 0.79558
0.07136 0.92243 0.00379 0.00242
0.00009 0.98846 0.00030 0.01116
0.36643 0.15564 0.36978 0.10816
0.21431 0.21257 0.33090 0.24222
0.19878 0.12842 0.53187 0.14094
0.24903 0.12523 0.49058 0.13516
0.28792 0.13796 0.37637 0.19775
0.25762 0.20744 0.28512 0.24981
0.24340 0.31104 0.21253 0.23303
0.17399 0.41591 0.16726 0.24284
0.17434 0.42075 0.19136 0.21355
0.16604 0.41625 0.21742 0.20028
0.16925 0.37213 0.27253 0.18609

>ZNF831 ZNF831_C4
0.16778 0.26636 0.42267 0.14319
0.18116 0.17767 0.49705 0.14412
0.21437 0.12444 0.51723 0.14396
0.26025 0.09277 0.48952 0.15745
0.24900 0.15045 0.32328 0.27726
0.26671 0.25712 0.16533 0.31083
0.17317 0.39504 0.08274 0.34905
0.09353 0.58469 0.07605 0.24573
0.10649 0.63444 0.09201 0.16705
0.23818 0.36136 0.18891 0.21155
0.08537 0.39950 0.10622 0.40891
0.00312 0.00001 0.99687 0.00000
0.00044 0.00105 0.95316 0.04535
0.87160 0.00108 0.12536 0.00195
0.64764 0.00055 0.07363 0.27818
0.00053 0.02150 0.00068 0.97730
0.01048 0.77297 0.02560 0.19095
0.02692 0.62031 0.01581 0.33697
0.00005 0.99982 0.00000 0.00013
0.00663 0.37808 0.59331 0.02197
0.12459 0.05405 0.67719 0.14417
0.24931 0.04431 0.60027 0.10610
0.39321 0.04300 0.44790 0.11589
0.45256 0.08865 0.19449 0.26430
0.21329 0.27496 0.08226 0.42948
0.09591 0.54711 0.05136 0.30562
0.06011 0.77695 0.03702 0.12592
0.06559 0.66808 0.15629 0.11005
0.13364 0.37972 0.38451 0.10213
0.16768 0.21985 0.49949 0.11298

>MSANTD1 MSANTD1_C1
0.17190 0.58403 0.10662 0.13746
0.17386 0.55543 0.09817 0.17254
0.15263 0.45390 0.14442 0.24905
0.18260 0.42109 0.17213 0.22417
0.15608 0.45998 0.19873 0.18522
0.15525 0.43018 0.14625 0.26831
0.20586 0.45301 0.14261 0.19852
0.16532 0.41555 0.18524 0.23389
0.15799 0.43200 0.16418 0.24583
0.19299 0.41166 0.17119 0.22416
0.20169 0.48522 0.11968 0.19340
0.20915 0.42818 0.15121 0.21146
0.23906 0.36838 0.15040 0.24216
0.18863 0.43380 0.16812 0.20945
0.21798 0.48996 0.13110 0.16095
0.20140 0.44244 0.13072 0.22543
0.31029 0.29378 0.14799 0.24794
0.34908 0.26555 0.09857 0.28679
0.29052 0.26229 0.20468 0.24251
0.29531 0.36430 0.17572 0.16467
0.15632 0.46267 0.23432 0.14669
0.25978 0.48380 0.13707 0.11935
0.43681 0.22365 0.09894 0.24059
0.11285 0.70578 0.04133 0.14003
0.09109 0.10353 0.03222 0.77316
0.02727 0.13308 0.04491 0.79474
0.85156 0.03214 0.09734 0.01896
0.81334 0.07106 0.04178 0.07382
0.09832 0.18203 0.60233 0.11733
0.21074 0.27546 0.10758 0.40622

>MSANTD1 MSANTD1_C2
0.20294 0.42006 0.17464 0.20236
0.17899 0.45826 0.18022 0.18253
0.19192 0.46345 0.15800 0.18664
0.17302 0.41868 0.16733 0.24097
0.18490 0.38108 0.20686 0.22716
0.17489 0.41691 0.19693 0.21127
0.20591 0.42776 0.18387 0.18246
0.20627 0.37058 0.17997 0.24318
0.21255 0.40592 0.17004 0.21149
0.20807 0.37104 0.18567 0.23523
0.22661 0.39073 0.18035 0.20231
0.17893 0.40944 0.19328 0.21835
0.21539 0.39283 0.21745 0.17433
0.21138 0.39642 0.17472 0.21748
0.18209 0.42777 0.16778 0.22236
0.25694 0.36494 0.17959 0.19853
0.38610 0.23694 0.12680 0.25016
0.23248 0.31976 0.18167 0.26609
0.20810 0.37923 0.27062 0.14205
0.20754 0.39672 0.25785 0.13788
0.25369 0.50200 0.10361 0.14071
0.47048 0.23220 0.11879 0.17854
0.07043 0.81346 0.05912 0.05699
0.03395 0.06806 0.01258 0.88540
0.00959 0.06514 0.01332 0.91195
0.93817 0.02434 0.03166 0.00583
0.87371 0.06038 0.02136 0.04455
0.06378 0.09587 0.80748 0.03287
0.13576 0.23078 0.04936 0.58410
0.16165 0.31509 0.36187 0.16139

>MSANTD1 MSANTD1_C3
0.22221 0.22150 0.31306 0.24323
0.22641 0.23221 0.31541 0.22598
0.23933 0.21587 0.29823 0.24657
0.24093 0.21631 0.30089 0.24187
0.24754 0.21973 0.28780 0.24492
0.21785 0.20634 0.28911 0.28670
0.29128 0.16502 0.28655 0.25715
0.49206 0.05758 0.15854 0.29183
0.27872 0.15590 0.28228 0.28310
0.26686 0.18912 0.42502 0.11901
0.15052 0.25513 0.49438 0.09997
0.08099 0.66294 0.17150 0.08456
0.89230 0.00672 0.03239 0.06860
0.00217 0.98858 0.00255 0.00670
0.01206 0.00674 0.01099 0.97021
0.00103 0.01402 0.00758 0.97737
0.97720 0.01133 0.01042 0.00105
0.98634 0.00351 0.00397 0.00619
0.04241 0.04872 0.86413 0.04475
0.14118 0.13627 0.05866 0.66389
0.19118 0.17125 0.44269 0.19488
0.18201 0.29033 0.27596 0.25169
0.18995 0.24385 0.33135 0.23485
0.22982 0.22538 0.26838 0.27641
0.29609 0.19819 0.17375 0.33196
0.26385 0.23058 0.26206 0.24351
0.22963 0.22965 0.28798 0.25274
0.24635 0.22670 0.29317 0.23377
0.24511 0.23241 0.28680 0.23569
0.25170 0.22012 0.29041 0.23778

>ZNF500 ZNF500_C1
0.10215 0.54363 0.22999 0.12423
0.19518 0.55166 0.14587 0.10728
0.21238 0.54811 0.08875 0.15077
0.12251 0.56135 0.10455 0.21158
0.18682 0.35689 0.24881 0.20748
0.18981 0.47797 0.10369 0.22853
0.17470 0.50872 0.13107 0.18550
0.23393 0.46946 0.11132 0.18529
0.21878 0.49220 0.11939 0.16963
0.18101 0.43347 0.16531 0.22020
0.17268 0.46121 0.15684 0.20926
0.25339 0.35191 0.10647 0.28823
0.22375 0.39009 0.12758 0.25858
0.30799 0.34614 0.15065 0.19522
0.37258 0.24696 0.15976 0.22070
0.28315 0.37579 0.18568 0.15537
0.24833 0.24552 0.32151 0.18465
0.12180 0.39500 0.14231 0.34089
0.38332 0.19132 0.13904 0.28632
0.64125 0.13786 0.06382 0.15707
0.22996 0.35092 0.32880 0.09032
0.13314 0.14228 0.65546 0.06912
0.05069 0.34365 0.10209 0.50357
0.28539 0.22769 0.28565 0.20128
0.53198 0.02387 0.03872 0.40543
0.28421 0.22143 0.23224 0.26213
0.28136 0.13724 0.53743 0.04397
0.66486 0.08920 0.04222 0.20373
0.09523 0.45565 0.17798 0.27113
0.15295 0.12825 0.65653 0.06228

>ZNF500 ZNF500_C2
0.22917 0.20424 0.28978 0.27682
0.22816 0.21252 0.28820 0.27112
0.22671 0.21286 0.28944 0.27099
0.21777 0.23408 0.27618 0.27197
0.21185 0.17867 0.40332 0.20615
0.15376 0.08097 0.65631 0.10896
0.14429 0.07696 0.60326 0.17549
0.17599 0.20132 0.35570 0.26699
0.33367 0.20840 0.06519 0.39274
0.46066 0.06447 0.41522 0.05964
0.00551 0.01279 0.95547 0.02623
0.00104 0.00706 0.00767 0.98424
0.07722 0.03800 0.86538 0.01940
0.03066 0.00234 0.01209 0.95492
0.83249 0.00331 0.15972 0.00447
0.00665 0.00211 0.99053 0.00071
0.97258 0.01097 0.01375 0.00269
0.00132 0.97562 0.00319 0.01988
0.14453 0.09094 0.73981 0.02472
0.11018 0.57415 0.20439 0.11128
0.15049 0.17472 0.46383 0.21097
0.19711 0.28392 0.28163 0.23734
0.19202 0.28612 0.22565 0.29621
0.20978 0.21569 0.27873 0.29580
0.20625 0.22418 0.29810 0.27147
0.20696 0.23114 0.32857 0.23333
0.20189 0.23421 0.32717 0.23673
0.20199 0.23664 0.32336 0.23800
0.21056 0.22801 0.31366 0.24777
0.22274 0.22905 0.29984 0.24838

>ZNF500 ZNF500_C3
0.23081 0.20437 0.29354 0.27128
0.22400 0.20057 0.30336 0.27208
0.22675 0.20751 0.29944 0.26630
0.21909 0.23774 0.27606 0.26712
0.20134 0.17052 0.43667 0.19147
0.12955 0.05825 0.73306 0.07915
0.13045 0.05339 0.66053 0.15563
0.16767 0.19336 0.36087 0.27811
0.33441 0.21226 0.03917 0.41416
0.52970 0.04435 0.38761 0.03834
0.00211 0.00694 0.97571 0.01523
0.00050 0.00235 0.00167 0.99548
0.04380 0.01752 0.93353 0.00515
0.01432 0.00098 0.00409 0.98060
0.90423 0.00043 0.09422 0.00111
0.00325 0.00071 0.99574 0.00031
0.99274 0.00407 0.00262 0.00057
0.00084 0.99026 0.00065 0.00825
0.16668 0.06449 0.75578 0.01305
0.07343 0.69373 0.15529 0.07755
0.11954 0.13656 0.56726 0.17665
0.17944 0.33787 0.27207 0.21063
0.18341 0.32656 0.18927 0.30076
0.20658 0.21790 0.26187 0.31366
0.20959 0.22486 0.28770 0.27785
0.20928 0.23982 0.32963 0.22127
0.20524 0.23949 0.31884 0.23643
0.20312 0.23749 0.32187 0.23752
0.21361 0.23532 0.31148 0.23959
0.22804 0.22814 0.29436 0.24946

>MYPOP MYPOP_C1
0.21746 0.31216 0.22981 0.24057
0.21330 0.30850 0.22728 0.25092
0.22843 0.30466 0.22120 0.24571
0.22631 0.30734 0.23937 0.22698
0.21718 0.33139 0.25105 0.20038
0.20312 0.31664 0.26570 0.21454
0.21409 0.30671 0.23861 0.24058
0.16489 0.31584 0.18939 0.32988
0.28788 0.26112 0.17101 0.27998
0.27596 0.24759 0.30247 0.17398
0.21190 0.48041 0.16410 0.14359
0.14915 0.20731 0.51918 0.12436
0.25202 0.10846 0.09787 0.54165
0.00170 0.06704 0.01115 0.92011
0.52780 0.00386 0.00926 0.45908
0.05957 0.03554 0.87656 0.02834
0.00881 0.95484 0.02965 0.00670
0.04583 0.04082 0.90473 0.00861
0.06520 0.65467 0.00868 0.27144
0.09428 0.46172 0.09003 0.35396
0.37036 0.17385 0.26620 0.18959
0.27424 0.20076 0.24587 0.27913
0.23978 0.27624 0.32218 0.16180
0.23600 0.23198 0.30821 0.22382
0.18347 0.29753 0.24185 0.27715
0.19583 0.25406 0.29662 0.25349
