>LEF1 LEF1_C1
0.12252 0.58167 0.18250 0.11331
0.09340 0.67744 0.11493 0.11423
0.17253 0.55785 0.11007 0.15955
0.17249 0.46202 0.17166 0.19383
0.13734 0.50062 0.18480 0.17725
0.12940 0.56045 0.14421 0.16594
0.14729 0.55016 0.12347 0.17909
0.19506 0.49059 0.12713 0.18723
0.21968 0.49283 0.11885 0.16864
0.15952 0.48366 0.14905 0.20777
0.14268 0.54118 0.10421 0.21193
0.21936 0.42445 0.14557 0.21062
0.24641 0.34376 0.13772 0.27210
0.20122 0.39532 0.17733 0.22613
0.29392 0.35521 0.18727 0.16360
0.26731 0.41915 0.13300 0.18054
0.23886 0.45008 0.16613 0.14493
0.30034 0.32891 0.11210 0.25864
0.21291 0.35605 0.16998 0.26106
0.29195 0.27435 0.26313 0.17057
0.32331 0.32342 0.11051 0.24277
0.36378 0.24580 0.18715 0.20328
0.49700 0.15921 0.13410 0.20969
0.07010 0.54098 0.26457 0.12434
0.54384 0.10684 0.27558 0.07374
0.20797 0.20497 0.07202 0.51504
0.08106 0.60133 0.15704 0.16058
0.52728 0.02124 0.21428 0.23721
0.60019 0.00415 0.00181 0.39385
0.46785 0.07193 0.39445 0.06577

>LEF1 LEF1_C2
0.21730 0.30522 0.23258 0.24489
0.22184 0.31940 0.23333 0.22543
0.19491 0.33715 0.20530 0.26264
0.19293 0.27163 0.21133 0.32410
0.25427 0.22461 0.15050 0.37061
0.18669 0.33414 0.20946 0.26972
0.11573 0.51866 0.21069 0.15492
0.03052 0.71164 0.17739 0.08045
0.06205 0.19681 0.05934 0.68179
0.09444 0.04419 0.04925 0.81213
0.08543 0.08653 0.04462 0.78342
0.05637 0.14261 0.73088 0.07013
0.81096 0.03727 0.07473 0.07704
0.11909 0.18308 0.04836 0.64948
0.02735 0.32816 0.62918 0.01531
0.11233 0.10786 0.13618 0.64363
0.16649 0.21350 0.22321 0.39680
0.27334 0.15356 0.38790 0.18520
0.22830 0.23155 0.33070 0.20944
0.19060 0.17460 0.43952 0.19528
0.20776 0.19120 0.39317 0.20787
0.21145 0.19629 0.38724 0.20503
0.23128 0.17298 0.41890 0.17684
0.21242 0.19675 0.41034 0.18049
0.22234 0.16689 0.43114 0.17963
0.21682 0.18801 0.40882 0.18635
0.21278 0.19429 0.43157 0.16135
0.20690 0.17906 0.45908 0.15496
0.16287 0.20288 0.48564 0.14861
0.19340 0.19884 0.43911 0.16865

>LEF1 LEF1_C3
0.21408 0.31018 0.23335 0.24238
0.22357 0.30763 0.22624 0.24256
0.20447 0.32670 0.22440 0.24443
0.20362 0.32220 0.22982 0.24436
0.20333 0.31840 0.23144 0.24683
0.21600 0.32620 0.22216 0.23565
0.22618 0.33028 0.21653 0.22701
0.23362 0.29900 0.21326 0.25412
0.28411 0.22997 0.18314 0.30278
0.26844 0.20085 0.14725 0.38346
0.10061 0.42554 0.20835 0.26550
0.08850 0.55978 0.20755 0.14417
0.00803 0.88054 0.07190 0.03953
0.01875 0.08748 0.01734 0.87642
0.03173 0.02360 0.01499 0.92969
0.02814 0.04776 0.00691 0.91720
0.02174 0.07997 0.87924 0.01906
0.93609 0.02096 0.01980 0.02314
0.10306 0.06802 0.01056 0.81836
0.02429 0.42616 0.54608 0.00347
0.05272 0.07822 0.05184 0.81722
0.15855 0.25112 0.16968 0.42065
0.21485 0.22920 0.30422 0.25173
0.21891 0.26181 0.29943 0.21985
0.20595 0.22632 0.35262 0.21511
0.20763 0.24027 0.32239 0.22971
0.21398 0.24510 0.30570 0.23522
0.21688 0.23889 0.32159 0.22264
0.21864 0.23780 0.32400 0.21956
0.21836 0.25333 0.32216 0.20615

>LEF1 LEF1_C4
0.21849 0.29148 0.25212 0.23790
0.19999 0.30271 0.25495 0.24234
0.20259 0.32220 0.24141 0.23380
0.18361 0.33189 0.24525 0.23925
0.19529 0.32914 0.24152 0.23404
0.21088 0.32890 0.24202 0.21820
0.21704 0.33580 0.22988 0.21729
0.23284 0.31393 0.21117 0.24206
0.29877 0.20905 0.18404 0.30814
0.27767 0.16708 0.14419 0.41105
0.07145 0.47259 0.20023 0.25573
0.06556 0.61766 0.21421 0.10257
0.00294 0.94601 0.03603 0.01501
0.00730 0.06971 0.02045 0.90253
0.02530 0.01313 0.00713 0.95444
0.01153 0.05373 0.00496 0.92978
0.00981 0.05566 0.92889 0.00564
0.94639 0.02095 0.00968 0.02298
0.06277 0.06804 0.00715 0.86204
0.00899 0.43534 0.55473 0.00093
0.03156 0.06307 0.02495 0.88042
0.14163 0.26628 0.15474 0.43736
0.21079 0.23903 0.29443 0.25576
0.20007 0.28396 0.29706 0.21890
0.18486 0.24967 0.35202 0.21345
0.19801 0.24077 0.32427 0.23695
0.19769 0.27116 0.30279 0.22836
0.20698 0.25077 0.32212 0.22013
0.20986 0.25978 0.30801 0.22235
0.22137 0.24963 0.31105 0.21796

>NACC2 NACC2_C1
0.57379 0.09829 0.10893 0.21900
0.06688 0.40582 0.13599 0.39132
0.03657 0.35387 0.58676 0.02280
0.11061 0.00146 0.00338 0.88455
0.13197 0.14564 0.06885 0.65354
0.43440 0.09443 0.29071 0.18046
0.37513 0.10269 0.25802 0.26417
0.27768 0.10943 0.32852 0.28437
0.17249 0.17579 0.36664 0.28507
0.13060 0.21702 0.41844 0.23394
0.18030 0.23229 0.27305 0.31436
0.23527 0.23715 0.28538 0.24221
0.28787 0.11007 0.36859 0.23348
0.18282 0.26150 0.35237 0.20331
0.21481 0.17199 0.45199 0.16122
0.20350 0.22214 0.29379 0.28056
0.20421 0.18013 0.43318 0.18249
0.15211 0.22271 0.40263 0.22255
0.15268 0.16142 0.38420 0.30170
0.25385 0.15362 0.35245 0.24008
0.21863 0.14855 0.42061 0.21222
0.20413 0.14555 0.49357 0.15675
0.15942 0.18063 0.44020 0.21974
0.17705 0.15512 0.43990 0.22793
0.22740 0.14995 0.45762 0.16503
0.26839 0.09473 0.48076 0.15612
0.13079 0.11115 0.61054 0.14753
0.12857 0.05239 0.66438 0.15466
0.10600 0.15483 0.58952 0.14965
0.12235 0.12652 0.63846 0.11268

>NACC2 NACC2_C2
0.23237 0.26016 0.25410 0.25337
0.28361 0.22756 0.23227 0.25656
0.19682 0.34728 0.23913 0.21677
0.40792 0.13386 0.11495 0.34328
0.10812 0.48886 0.12143 0.28159
0.34236 0.17307 0.39513 0.08944
0.04739 0.55993 0.04674 0.34595
0.71784 0.08326 0.16332 0.03558
0.04395 0.05310 0.05791 0.84504
0.01911 0.07965 0.87858 0.02266
0.17073 0.11776 0.05728 0.65424
0.04138 0.62700 0.06591 0.26571
0.46554 0.18594 0.25568 0.09284
0.58634 0.03635 0.26176 0.11556
0.77846 0.00859 0.07457 0.13839
0.62165 0.02579 0.08658 0.26598
0.41244 0.24904 0.12810 0.21042
0.02186 0.17535 0.13340 0.66939
0.27508 0.01548 0.69156 0.01789
0.88217 0.01296 0.05437 0.05051
0.00773 0.95588 0.03467 0.00172
0.93425 0.02401 0.02758 0.01416
0.01056 0.12153 0.05356 0.81435
0.34389 0.01296 0.62889 0.01426
0.02803 0.54572 0.09948 0.32677
0.28717 0.07734 0.50559 0.12990
0.37059 0.03780 0.06093 0.53068
0.23441 0.18834 0.44569 0.13156
0.25289 0.20684 0.23240 0.30786
0.22117 0.32681 0.22139 0.23063

>NACC2 NACC2_C3
0.26433 0.27145 0.21520 0.24903
0.20420 0.26021 0.29438 0.24121
0.28569 0.20843 0.21270 0.29318
0.22558 0.35751 0.18867 0.22824
0.52067 0.04646 0.04071 0.39216
0.09632 0.63138 0.05625 0.21605
0.39722 0.06629 0.52614 0.01035
0.00531 0.66263 0.00316 0.32891
0.90306 0.00866 0.08658 0.00170
0.00262 0.00228 0.00442 0.99068
0.00043 0.00186 0.99721 0.00050
0.08717 0.01375 0.00543 0.89365
0.00853 0.74919 0.01633 0.22595
0.71019 0.08574 0.18137 0.02270
0.56716 0.02349 0.27244 0.13690
0.91539 0.00054 0.03303 0.05104
0.77589 0.00572 0.02707 0.19133
0.52682 0.22429 0.09136 0.15753
0.00948 0.11884 0.07468 0.79700
0.16792 0.00705 0.81958 0.00545
0.93930 0.00699 0.01238 0.04132
0.00048 0.99740 0.00174 0.00038
0.99239 0.00409 0.00168 0.00184
0.00066 0.06251 0.01143 0.92540
0.30937 0.00235 0.68394 0.00434
0.01910 0.48805 0.09914 0.39371
0.25123 0.06007 0.58581 0.10290
0.42527 0.03503 0.05719 0.48252
0.29212 0.19704 0.32224 0.18860
0.17211 0.27268 0.26357 0.29164

>NACC2 NACC2_C4
0.38284 0.33913 0.10959 0.16844
0.14407 0.23890 0.31696 0.30007
0.28454 0.26549 0.20255 0.24743
0.23123 0.44392 0.23377 0.09107
0.63341 0.08278 0.01638 0.26743
0.05552 0.75606 0.03909 0.14933
0.34892 0.14661 0.50251 0.00196
0.00079 0.55346 0.00011 0.44564
0.94277 0.00222 0.05489 0.00012
0.00011 0.00080 0.00016 0.99893
0.00013 0.00014 0.99958 0.00015
0.07875 0.00087 0.00048 0.91989
0.00498 0.78706 0.00692 0.20104
0.83621 0.04057 0.11829 0.00493
0.46907 0.02080 0.29267 0.21746
0.77482 0.00013 0.00493 0.22012
0.66998 0.00019 0.00581 0.32402
0.56578 0.30076 0.04164 0.09182
0.00066 0.03374 0.01595 0.94965
0.10750 0.00003 0.89240 0.00007
0.99791 0.00008 0.00032 0.00170
0.00005 0.99989 0.00001 0.00006
0.99987 0.00007 0.00002 0.00004
0.00003 0.01311 0.00039 0.98648
0.20259 0.00011 0.79721 0.00010
0.00038 0.56574 0.00748 0.42641
0.22070 0.03085 0.65541 0.09305
0.50345 0.00122 0.00413 0.49119
0.40606 0.09617 0.17130 0.32646
0.20779 0.39421 0.23912 0.15888

>NFKB1 NFKB1_C1
0.23873 0.14618 0.35603 0.25905
0.22330 0.16423 0.35477 0.25770
0.23872 0.14259 0.36118 0.25751
0.24475 0.14723 0.35922 0.24880
0.25435 0.13696 0.36107 0.24761
0.27052 0.12364 0.35930 0.24653
0.22961 0.15226 0.35227 0.26587
0.31406 0.12114 0.27746 0.28733
0.39742 0.15072 0.27780 0.17406
0.00375 0.00235 0.98985 0.00405
0.00170 0.00281 0.99235 0.00314
0.00206 0.00348 0.91180 0.08265
0.17412 0.00299 0.79678 0.02610
0.66740 0.07138 0.22523 0.03599
0.57969 0.04269 0.04084 0.33678
0.08145 0.07809 0.44745 0.39301
0.06924 0.36799 0.02614 0.53663
0.30923 0.62402 0.02073 0.04602
0.01780 0.92913 0.03095 0.02212
0.02586 0.90174 0.04670 0.02570
0.16349 0.15553 0.41440 0.26657
0.22648 0.15838 0.34623 0.26892
0.22350 0.17091 0.35038 0.25521
0.21292 0.16239 0.35062 0.27408
0.20913 0.16268 0.37382 0.25437
0.21178 0.16130 0.38406 0.24286
0.20953 0.17215 0.39019 0.22813
0.20742 0.17730 0.38774 0.22754
0.21515 0.16476 0.40474 0.21535
0.21667 0.16077 0.40547 0.21709

>NFKB1 NFKB1_C2
0.21400 0.32973 0.23263 0.22363
0.21997 0.31865 0.23391 0.22747
0.22192 0.31354 0.23932 0.22521
0.23024 0.30267 0.23947 0.22762
0.23847 0.30443 0.23411 0.22299
0.26465 0.28070 0.23636 0.21829
0.29400 0.25458 0.23073 0.22068
0.24478 0.26366 0.24478 0.24677
0.30060 0.25745 0.18458 0.25738
0.35272 0.31304 0.19128 0.14296
0.00010 0.00032 0.99927 0.00031
0.00001 0.00002 0.99992 0.00005
0.00019 0.00001 0.83478 0.16502
0.37788 0.00037 0.59571 0.02605
0.39687 0.35184 0.17817 0.07312
0.06795 0.00217 0.00822 0.92166
0.00009 0.03840 0.00176 0.95974
0.00779 0.85459 0.00007 0.13756
0.00175 0.99821 0.00000 0.00003
0.00001 0.99998 0.00001 0.00000
0.00012 0.99974 0.00011 0.00003
0.14713 0.24929 0.20651 0.39707
0.26519 0.23919 0.18146 0.31417
0.24464 0.31527 0.20109 0.23900
0.21813 0.29910 0.19796 0.28482
0.21898 0.30892 0.21402 0.25808
0.22474 0.30901 0.22964 0.23660
0.22998 0.30694 0.23401 0.22907
0.22900 0.31172 0.23782 0.22146
0.23121 0.30659 0.24698 0.21522

>NFKB1 NFKB1_C3
0.21047 0.26412 0.30030 0.22511
0.21392 0.25193 0.30641 0.22774
0.22467 0.24404 0.30759 0.22370
0.24071 0.23951 0.30020 0.21957
0.27463 0.21744 0.29916 0.20877
0.30961 0.19352 0.28554 0.21134
0.24688 0.19441 0.30882 0.24989
0.34531 0.17130 0.21097 0.27242
0.45517 0.20830 0.20402 0.13250
0.00000 0.00000 1.00000 0.00000
0.00000 0.00000 1.00000 0.00000
0.00000 0.00000 0.99984 0.00016
0.05513 0.00000 0.94447 0.00040
0.99965 0.00000 0.00035 0.00000
0.99243 0.00010 0.00004 0.00743
0.02487 0.09875 0.20918 0.66719
0.00416 0.76055 0.00001 0.23528
0.04116 0.95884 0.00000 0.00000
0.00001 0.99999 0.00000 0.00000
0.00000 1.00000 0.00000 0.00000
0.13133 0.18129 0.26481 0.42256
0.27638 0.17818 0.21356 0.33188
0.25561 0.26142 0.22580 0.25717
0.20845 0.24758 0.22016 0.32381
0.21170 0.25928 0.25392 0.27510
0.22124 0.25367 0.28173 0.24336
0.22832 0.26149 0.28233 0.22785
0.22611 0.26055 0.29437 0.21898
0.22847 0.25531 0.30258 0.21364
0.22149 0.25026 0.32166 0.20659

>NFKB1 NFKB1_C4
0.20036 0.31469 0.26360 0.22134
0.20351 0.29986 0.27149 0.22514
0.20960 0.28562 0.28087 0.22391
0.22550 0.27148 0.27719 0.22583
0.23940 0.27160 0.27055 0.21845
0.28366 0.24270 0.27148 0.20216
0.34327 0.19897 0.25782 0.19994
0.26248 0.20398 0.27724 0.25631
0.35792 0.18840 0.17619 0.27749
0.46968 0.22917 0.17967 0.12149
0.00000 0.00000 1.00000 0.00000
0.00001 0.00001 0.99998 0.00001
0.00001 0.00000 0.98997 0.01003
0.11967 0.00000 0.87847 0.00187
0.83174 0.10093 0.05631 0.01102
0.00066 0.00004 0.00024 0.99907
0.00000 0.00160 0.00002 0.99838
0.00017 0.96869 0.00001 0.03113
0.00016 0.99982 0.00002 0.00001
0.00001 0.99998 0.00000 0.00001
0.00000 0.99999 0.00000 0.00001
0.11250 0.18408 0.20531 0.49811
0.27460 0.19424 0.16293 0.36822
0.24909 0.29988 0.19296 0.25807
0.19952 0.28109 0.18766 0.33172
0.20037 0.29751 0.22397 0.27814
0.21658 0.29458 0.24993 0.23892
0.22042 0.29885 0.25678 0.22395
0.22327 0.29894 0.26953 0.20826
0.22018 0.29414 0.28114 0.20455

>RORB RORB_C1
0.14835 0.60312 0.13013 0.11841
0.15582 0.64878 0.11248 0.08292
0.13660 0.64172 0.09100 0.13068
0.10196 0.62598 0.08154 0.19052
0.14667 0.61070 0.11675 0.12587
0.13641 0.44823 0.19941 0.21595
0.21096 0.47686 0.12913 0.18305
0.25596 0.43275 0.13814 0.17316
0.23720 0.49442 0.11612 0.15226
0.25111 0.45757 0.12743 0.16389
0.26156 0.42402 0.09760 0.21682
0.21593 0.39483 0.13518 0.25406
0.24312 0.38105 0.20881 0.16703
0.23039 0.41264 0.16113 0.19585
0.21523 0.41639 0.19538 0.17300
0.26202 0.31327 0.18422 0.24048
0.27598 0.40303 0.17181 0.14919
0.25958 0.34353 0.26584 0.13106
0.26691 0.27997 0.19882 0.25430
0.36460 0.31129 0.14561 0.17849
0.64440 0.17795 0.07266 0.10499
0.39406 0.19758 0.09654 0.31181
0.20493 0.37805 0.18750 0.22952
0.31488 0.14213 0.17272 0.37027
0.69243 0.05343 0.17789 0.07624
0.09328 0.30549 0.50374 0.09748
0.14425 0.14904 0.65272 0.05399
0.16932 0.11255 0.07201 0.64612
0.15133 0.59389 0.11970 0.13508
0.77590 0.04841 0.11210 0.06359

>RORB RORB_C2
0.15384 0.46907 0.16775 0.20934
0.15690 0.49689 0.14429 0.20191
0.14628 0.49255 0.15209 0.20909
0.15763 0.49973 0.13070 0.21193
0.16878 0.44125 0.16131 0.22867
0.17946 0.50912 0.11422 0.19719
0.09322 0.64989 0.11288 0.14401
0.14201 0.56715 0.10604 0.18480
0.11975 0.52590 0.12194 0.23240
0.11920 0.54322 0.10902 0.22857
0.16221 0.52210 0.12881 0.18688
0.16467 0.49219 0.14242 0.20072
0.20179 0.37132 0.18026 0.24663
0.24873 0.32213 0.13651 0.29264
0.45716 0.32324 0.11458 0.10502
0.36625 0.15391 0.16044 0.31940
0.07787 0.46947 0.12109 0.33157
0.37081 0.13347 0.24509 0.25063
0.75947 0.05243 0.09503 0.09306
0.02043 0.44930 0.48414 0.04613
0.10517 0.08905 0.78858 0.01720
0.15402 0.19704 0.10206 0.54689
0.21278 0.45480 0.13936 0.19306
0.70396 0.05017 0.16516 0.08070
0.30205 0.24092 0.23899 0.21804
0.18633 0.25504 0.45848 0.10014
0.17412 0.29842 0.24780 0.27965
0.20946 0.26074 0.30329 0.22652
0.29618 0.24077 0.31829 0.14476
0.30444 0.20918 0.28032 0.20606

>RORB RORB_C3
0.19355 0.33605 0.22802 0.24238
0.17303 0.30251 0.23753 0.28693
0.15855 0.34896 0.23604 0.25646
0.19128 0.34890 0.23991 0.21992
0.18203 0.32547 0.21573 0.27677
0.17552 0.33057 0.22033 0.27357
0.17287 0.33084 0.27165 0.22464
0.14384 0.35052 0.27893 0.22671
0.18651 0.21606 0.36753 0.22989
0.32988 0.10474 0.20609 0.35929
0.72823 0.08115 0.06152 0.12910
0.52742 0.02194 0.15420 0.29645
0.05708 0.28316 0.38466 0.27511
0.11553 0.05274 0.26051 0.57121
0.77477 0.00746 0.19270 0.02507
0.00570 0.12625 0.84873 0.01931
0.01499 0.00809 0.97256 0.00436
0.05666 0.03818 0.21838 0.68678
0.05785 0.76223 0.13081 0.04911
0.76260 0.00301 0.22699 0.00740
0.25650 0.24875 0.27599 0.21876
0.11059 0.18468 0.59824 0.10650
0.18119 0.17243 0.44949 0.19689
0.17492 0.23436 0.37683 0.21389
0.22430 0.16413 0.45538 0.15620
0.26640 0.18425 0.36171 0.18763
0.21915 0.21924 0.38097 0.18064
0.21673 0.16554 0.43374 0.18399
0.19804 0.19886 0.39613 0.20697
0.21048 0.20167 0.38788 0.19997

>RORB RORB_C4
0.19217 0.27152 0.31009 0.22621
0.22079 0.22837 0.30526 0.24558
0.22035 0.25379 0.27897 0.24689
0.20643 0.27209 0.29386 0.22762
0.18869 0.27524 0.32296 0.21311
0.17352 0.32595 0.30439 0.19614
0.23229 0.16439 0.43719 0.16613
0.42854 0.03727 0.15605 0.37815
0.97739 0.00651 0.00908 0.00702
0.67454 0.00137 0.01131 0.31278
0.04813 0.28683 0.51755 0.14748
0.00314 0.00528 0.07910 0.91248
0.90811 0.00017 0.09126 0.00046
0.00008 0.00256 0.99698 0.00038
0.00028 0.00026 0.99946 0.00000
0.00780 0.01104 0.03415 0.94701
0.00093 0.98271 0.01406 0.00230
0.95323 0.00002 0.04646 0.00028
0.22925 0.40716 0.13677 0.22681
0.14426 0.27367 0.38458 0.19749
0.18255 0.22698 0.34601 0.24446
0.19702 0.23902 0.32606 0.23790
0.23127 0.22980 0.35159 0.18733
0.24559 0.21817 0.28794 0.24831
0.18852 0.27648 0.30534 0.22966
0.25354 0.20164 0.31973 0.22510
0.23947 0.23925 0.29354 0.22773
0.22371 0.22348 0.30007 0.25273
0.21054 0.23140 0.30730 0.25076
0.25486 0.24961 0.27656 0.21896

>TIGD3 TIGD3_C1
0.50354 0.10638 0.00518 0.38490
0.25391 0.36215 0.15549 0.22845
0.21787 0.23232 0.41750 0.13231
0.17704 0.25757 0.20745 0.35794
0.27891 0.20533 0.15242 0.36335
0.41301 0.09487 0.24379 0.24833
0.08335 0.35653 0.41070 0.14941
0.00272 0.33600 0.55727 0.10401
0.12087 0.17149 0.15847 0.54917
0.25191 0.18571 0.17102 0.39136
0.30577 0.16687 0.24100 0.28635
0.26054 0.23866 0.24758 0.25322
0.29533 0.15843 0.32215 0.22410
0.07187 0.34100 0.37049 0.21664
0.04163 0.19616 0.56115 0.20106
0.17993 0.17658 0.29422 0.34928
0.28729 0.24625 0.24820 0.21826
0.45697 0.04526 0.30588 0.19188
0.19882 0.15366 0.37053 0.27698
0.17213 0.10716 0.64265 0.07806
0.17146 0.09033 0.56419 0.17402
0.11437 0.22666 0.45227 0.20670
0.18858 0.11403 0.55989 0.13749
0.38928 0.05960 0.33199 0.21913
0.13468 0.19866 0.44430 0.22237
0.07763 0.11711 0.73069 0.07457
0.37815 0.08181 0.36575 0.17429
0.14854 0.13409 0.52475 0.19262
0.05010 0.09579 0.78911 0.06499
0.11259 0.25097 0.54379 0.09264

>TIGD3 TIGD3_C2
0.23705 0.25725 0.27378 0.23191
0.22578 0.28693 0.25569 0.23159
0.26150 0.21921 0.30669 0.21260
0.21421 0.18118 0.28541 0.31920
0.29522 0.06559 0.25029 0.38890
0.24348 0.27653 0.17626 0.30374
0.00903 0.70297 0.02589 0.26211
0.01197 0.07141 0.86213 0.05449
0.01777 0.29088 0.45309 0.23826
0.23375 0.03049 0.02477 0.71098
0.00139 0.00659 0.00919 0.98283
0.90854 0.00397 0.00561 0.08189
0.31406 0.34614 0.27762 0.06218
0.00673 0.61037 0.37493 0.00797
0.08405 0.11563 0.05186 0.74845
0.00319 0.00421 0.98974 0.00286
0.13640 0.70474 0.12153 0.03734
0.97686 0.00808 0.01171 0.00335
0.01017 0.00561 0.01135 0.97286
0.74101 0.05463 0.16035 0.04401
0.35340 0.15129 0.35498 0.14032
0.19100 0.27921 0.27369 0.25610
0.19084 0.25011 0.29643 0.26262
0.20599 0.24775 0.30424 0.24202
0.20587 0.24000 0.33511 0.21901
0.20102 0.24168 0.32887 0.22843
0.20415 0.24632 0.32752 0.22202
0.21083 0.24195 0.32179 0.22543
0.21340 0.24804 0.31404 0.22452
0.21002 0.24338 0.31534 0.23126

>TIGD3 TIGD3_C3
0.23985 0.26212 0.26631 0.23173
0.24759 0.25459 0.26704 0.23078
0.22715 0.29573 0.23928 0.23784
0.28821 0.19607 0.31888 0.19684
0.21309 0.15677 0.30177 0.32837
0.32571 0.02423 0.19089 0.45917
0.25525 0.27333 0.14153 0.32989
0.00128 0.78108 0.00581 0.21183
0.00275 0.02282 0.95171 0.02272
0.00516 0.30462 0.44646 0.24375
0.21214 0.00656 0.00517 0.77613
0.00018 0.00019 0.00043 0.99920
0.95688 0.00007 0.00032 0.04274
0.21660 0.42203 0.33119 0.03018
0.00143 0.74461 0.25212 0.00184
0.03565 0.05600 0.01272 0.89563
0.00035 0.00009 0.99935 0.00021
0.06354 0.88021 0.04269 0.01357
0.99881 0.00066 0.00034 0.00018
0.00082 0.00039 0.00051 0.99828
0.88805 0.02060 0.07357 0.01778
0.39650 0.15657 0.32031 0.12662
0.18263 0.30470 0.24041 0.27227
0.19048 0.25691 0.26879 0.28382
0.21605 0.25774 0.27738 0.24882
0.20667 0.25131 0.32228 0.21975
0.19916 0.25601 0.32100 0.22382
0.20564 0.25792 0.31756 0.21888
0.21241 0.25747 0.30212 0.22801
0.21473 0.25518 0.29356 0.23652

>TIGD3 TIGD3_C4
0.22880 0.28739 0.27042 0.21340
0.21965 0.30341 0.27193 0.20501
0.20772 0.31773 0.27098 0.20357
0.21688 0.32206 0.26742 0.19364
0.21624 0.31976 0.26341 0.20060
0.24825 0.26769 0.27128 0.21279
0.29688 0.25851 0.26148 0.18313
0.28691 0.20939 0.34230 0.16140
0.09788 0.30358 0.14333 0.45521
0.00129 0.01748 0.00351 0.97771
1.00000 0.00000 0.00000 0.00000
0.00000 0.00000 0.00000 1.00000
0.00103 0.00588 0.97765 0.01545
0.00000 1.00000 0.00000 0.00000
0.98642 0.00019 0.00868 0.00472
0.00004 0.12382 0.87605 0.00008
0.00901 0.37287 0.50864 0.10949
0.00899 0.00000 0.00000 0.99101
1.00000 0.00000 0.00000 0.00000
0.85844 0.00002 0.00006 0.14148
0.25515 0.40492 0.33899 0.00093
0.00459 0.99040 0.00488 0.00013
0.12306 0.00027 0.87658 0.00009
0.36152 0.09092 0.30096 0.24660
0.50462 0.13139 0.00658 0.35741
0.34520 0.31492 0.13680 0.20307
0.17713 0.33100 0.17817 0.31370
0.23617 0.21632 0.33030 0.21721
0.22230 0.26542 0.26123 0.25105
0.22224 0.26531 0.27156 0.24089

