>LEF1 LEF1_C1
0.15322 0.54683 0.17070 0.12925
0.15723 0.54912 0.14022 0.15343
0.14775 0.54997 0.13931 0.16297
0.15358 0.51220 0.16588 0.16833
0.14641 0.49944 0.14906 0.20509
0.13396 0.52798 0.17463 0.16343
0.15288 0.54095 0.11754 0.18864
0.18973 0.50246 0.10960 0.19822
0.18328 0.49679 0.12943 0.19051
0.18485 0.47369 0.12625 0.21521
0.19625 0.44207 0.14340 0.21828
0.20775 0.39156 0.16421 0.23648
0.24714 0.37814 0.13866 0.23605
0.23821 0.38154 0.19021 0.19003
0.26486 0.42001 0.12467 0.19046
0.20036 0.38826 0.22820 0.18318
0.30654 0.37622 0.12400 0.19323
0.20017 0.41909 0.20073 0.18000
0.27677 0.26967 0.21770 0.23586
0.20203 0.31263 0.15441 0.33092
0.46820 0.19929 0.16767 0.16485
0.50672 0.14193 0.11598 0.23537
0.09595 0.57643 0.27450 0.05312
0.51907 0.07643 0.25583 0.14867
0.15736 0.12044 0.03826 0.68394
0.11070 0.55799 0.16421 0.16709
0.76886 0.02212 0.05965 0.14937
0.65769 0.11739 0.08671 0.13822
0.41974 0.05514 0.44776 0.07735
0.15503 0.17179 0.56574 0.10744

>LEF1 LEF1_C2
0.22266 0.33719 0.21834 0.22181
0.21362 0.32795 0.21081 0.24763
0.19122 0.35913 0.21114 0.23851
0.19263 0.36464 0.21157 0.23116
0.19685 0.35949 0.19429 0.24938
0.20845 0.36204 0.19930 0.23021
0.20649 0.37090 0.20155 0.22106
0.18310 0.38153 0.18248 0.25289
0.19328 0.32246 0.18345 0.30082
0.23770 0.24796 0.13893 0.37542
0.14772 0.37359 0.21842 0.26027
0.10227 0.56120 0.17667 0.15986
0.03544 0.75445 0.15036 0.05975
0.05896 0.21224 0.06525 0.66355
0.09228 0.04065 0.05421 0.81286
0.07076 0.09665 0.03757 0.79503
0.05993 0.15535 0.71446 0.07026
0.85768 0.02914 0.05286 0.06032
0.13221 0.17610 0.05112 0.64057
0.02526 0.34713 0.61463 0.01298
0.09900 0.10762 0.14017 0.65320
0.18148 0.21204 0.20872 0.39777
0.27766 0.16265 0.37527 0.18442
0.23058 0.23482 0.33923 0.19537
0.18765 0.20294 0.43042 0.17899
0.21058 0.20366 0.37914 0.20663
0.22471 0.22128 0.36112 0.19288
0.22755 0.19934 0.38381 0.18930
0.19320 0.23253 0.38175 0.19252
0.24253 0.19900 0.39306 0.16542

>LEF1 LEF1_C3
0.22014 0.30153 0.23304 0.24529
0.21284 0.30878 0.22938 0.24900
0.20112 0.31831 0.22702 0.25355
0.19934 0.31525 0.22931 0.25610
0.20373 0.31406 0.22930 0.25291
0.21603 0.32435 0.22836 0.23127
0.22881 0.32233 0.21617 0.23269
0.23747 0.29418 0.20952 0.25883
0.29136 0.22014 0.19210 0.29640
0.26651 0.19837 0.15161 0.38351
0.09922 0.42057 0.20706 0.27315
0.08608 0.56006 0.20905 0.14481
0.00853 0.87940 0.07477 0.03730
0.01902 0.08770 0.02171 0.87158
0.03024 0.02545 0.01490 0.92941
0.03069 0.04815 0.00671 0.91445
0.02408 0.08041 0.87767 0.01784
0.93217 0.02000 0.01740 0.03043
0.10160 0.07326 0.01423 0.81091
0.02591 0.42411 0.54583 0.00415
0.05075 0.07669 0.05030 0.82226
0.16490 0.24509 0.17896 0.41105
0.21509 0.21716 0.31224 0.25551
0.21075 0.25804 0.31448 0.21673
0.19985 0.22085 0.36502 0.21428
0.19835 0.24488 0.32517 0.23160
0.21233 0.23367 0.32159 0.23241
0.22065 0.23074 0.32278 0.22584
0.21041 0.24518 0.33323 0.21117
0.21773 0.24340 0.33222 0.20665

>LEF1 LEF1_C4
0.21511 0.29933 0.24957 0.23599
0.20178 0.30320 0.25872 0.23629
0.20244 0.31872 0.24123 0.23762
0.18359 0.33137 0.24365 0.24139
0.19597 0.33134 0.24386 0.22883
0.21444 0.33147 0.24043 0.21367
0.21649 0.33731 0.22595 0.22025
0.23327 0.31418 0.21207 0.24048
0.29942 0.21194 0.18056 0.30808
0.27290 0.17402 0.14166 0.41141
0.07248 0.47184 0.20285 0.25283
0.06592 0.62249 0.20933 0.10226
0.00292 0.94066 0.04075 0.01566
0.00765 0.07398 0.01617 0.90219
0.02383 0.01478 0.00865 0.95273
0.01440 0.05474 0.00447 0.92639
0.01103 0.05971 0.92307 0.00619
0.94907 0.01904 0.01076 0.02113
0.06109 0.07259 0.00460 0.86172
0.00941 0.43890 0.55051 0.00119
0.03222 0.06142 0.02404 0.88232
0.13570 0.27137 0.15684 0.43609
0.21047 0.23774 0.29702 0.25477
0.19506 0.28645 0.29416 0.22433
0.18747 0.25260 0.35008 0.20985
0.19215 0.24360 0.32315 0.24109
0.19439 0.27382 0.30352 0.22826
0.21035 0.25184 0.32035 0.21746
0.20731 0.26707 0.30048 0.22513
0.21866 0.25129 0.31415 0.21591

>NACC2 NACC2_C1
0.32872 0.16446 0.08139 0.42543
0.24391 0.20418 0.09295 0.45897
0.21942 0.21157 0.25684 0.31218
0.20435 0.40316 0.11981 0.27268
0.65518 0.01330 0.05863 0.27289
0.15522 0.16122 0.25307 0.43049
0.00793 0.00856 0.97380 0.00971
0.20495 0.18577 0.09059 0.51869
0.11610 0.29458 0.13911 0.45021
0.29445 0.23048 0.23713 0.23794
0.34332 0.13376 0.22571 0.29722
0.16658 0.24408 0.31216 0.27719
0.17251 0.14506 0.42106 0.26137
0.23563 0.21279 0.20581 0.34578
0.13678 0.22701 0.37989 0.25632
0.19118 0.15275 0.50106 0.15501
0.14909 0.22737 0.28036 0.34318
0.20069 0.25338 0.37924 0.16669
0.31989 0.16525 0.26609 0.24877
0.21951 0.18082 0.35772 0.24195
0.27544 0.08775 0.46360 0.17321
0.14866 0.12152 0.47407 0.25575
0.14978 0.05894 0.61101 0.18027
0.18574 0.12118 0.44010 0.25298
0.16633 0.16828 0.44258 0.22281
0.22268 0.11762 0.48472 0.17499
0.17272 0.10483 0.61235 0.11010
0.12714 0.11634 0.66046 0.09606
0.12283 0.20038 0.57776 0.09904
0.13524 0.22444 0.49301 0.14732

>NACC2 NACC2_C2
0.23192 0.25267 0.27609 0.23933
0.27579 0.23676 0.22319 0.26426
0.19073 0.34652 0.24116 0.22160
0.40683 0.11629 0.12550 0.35139
0.11467 0.51102 0.11818 0.25613
0.33752 0.17102 0.41326 0.07820
0.04586 0.58038 0.03251 0.34125
0.71597 0.07776 0.16804 0.03823
0.04531 0.05741 0.05540 0.84187
0.01842 0.06997 0.89021 0.02140
0.15761 0.11567 0.05345 0.67327
0.03521 0.62084 0.06545 0.27850
0.47564 0.17999 0.24792 0.09645
0.58977 0.03277 0.25651 0.12095
0.80413 0.00749 0.07186 0.11651
0.64412 0.02737 0.08666 0.24186
0.41075 0.25551 0.12823 0.20551
0.02223 0.17244 0.14268 0.66266
0.26555 0.01631 0.69676 0.02138
0.87228 0.01532 0.05051 0.06190
0.00868 0.95607 0.03247 0.00278
0.93426 0.02241 0.02842 0.01491
0.01069 0.12156 0.05399 0.81376
0.34722 0.01328 0.62501 0.01448
0.03382 0.52614 0.10918 0.33087
0.29679 0.08460 0.49984 0.11878
0.36042 0.03690 0.06174 0.54095
0.22997 0.19230 0.43861 0.13912
0.24359 0.21660 0.22437 0.31544
0.22268 0.32543 0.22254 0.22935

>NACC2 NACC2_C3
0.26571 0.27100 0.21622 0.24707
0.20324 0.26007 0.30623 0.23046
0.28675 0.20818 0.21065 0.29442
0.22631 0.35644 0.18890 0.22836
0.52983 0.03676 0.04085 0.39256
0.09630 0.62214 0.05643 0.22513
0.38906 0.06654 0.53517 0.00923
0.00529 0.67070 0.00250 0.32151
0.91142 0.00875 0.07827 0.00155
0.00239 0.00218 0.00406 0.99137
0.00045 0.00176 0.99726 0.00053
0.08577 0.01342 0.00518 0.89563
0.00815 0.74841 0.01619 0.22725
0.70967 0.08603 0.18221 0.02209
0.57045 0.01687 0.27600 0.13669
0.92175 0.00055 0.02769 0.05001
0.77331 0.00600 0.02740 0.19329
0.52751 0.22788 0.09096 0.15364
0.00939 0.12063 0.06871 0.80127
0.16312 0.00721 0.82412 0.00555
0.94159 0.00731 0.01108 0.04002
0.00047 0.99765 0.00154 0.00035
0.99316 0.00324 0.00176 0.00184
0.00065 0.07156 0.01043 0.91736
0.32132 0.00219 0.67204 0.00445
0.01951 0.47964 0.10038 0.40047
0.24586 0.06102 0.59520 0.09792
0.41981 0.03550 0.06802 0.47667
0.28472 0.19897 0.32372 0.19258
0.17478 0.27833 0.26078 0.28611

>NACC2 NACC2_C4
0.17485 0.23249 0.38954 0.20312
0.31287 0.16943 0.11228 0.40542
0.49028 0.00329 0.00034 0.50610
0.09268 0.65573 0.03262 0.21897
0.40724 0.00636 0.58606 0.00034
0.00008 0.79756 0.00011 0.20225
0.98731 0.00035 0.01232 0.00002
0.00003 0.00002 0.00007 0.99988
0.00003 0.00000 0.99994 0.00003
0.00023 0.00032 0.00007 0.99939
0.00005 0.87580 0.00001 0.12414
0.95134 0.01538 0.03262 0.00066
0.08886 0.04166 0.30293 0.56654
0.33806 0.00583 0.00009 0.65602
0.23602 0.00478 0.00011 0.75910
0.21553 0.29448 0.02077 0.46921
0.00339 0.11346 0.04046 0.84269
0.18421 0.00667 0.80412 0.00501
0.92324 0.00049 0.00078 0.07549
0.00011 0.99968 0.00011 0.00010
0.99902 0.00015 0.00072 0.00010
0.00011 0.05419 0.00204 0.94367
0.44599 0.00010 0.55342 0.00049
0.00187 0.48793 0.14737 0.36284
0.14848 0.03652 0.75955 0.05544
0.26301 0.01401 0.08273 0.64024
0.09316 0.21572 0.44712 0.24400
0.25165 0.20503 0.27137 0.27195
0.30656 0.32391 0.24515 0.12438
0.14957 0.10998 0.34388 0.39657

>NFKB1 NFKB1_C1
0.22209 0.40709 0.15706 0.21376
0.22355 0.38679 0.17758 0.21207
0.22957 0.39305 0.16745 0.20993
0.24640 0.37483 0.16870 0.21008
0.25605 0.37249 0.15978 0.21167
0.27044 0.35556 0.16464 0.20935
0.25107 0.35557 0.17159 0.22177
0.26996 0.34379 0.15712 0.22913
0.25453 0.42284 0.15835 0.16428
0.02680 0.04792 0.90140 0.02388
0.02353 0.03053 0.92915 0.01678
0.04514 0.02047 0.62067 0.31372
0.53369 0.02664 0.36940 0.07027
0.40186 0.43657 0.08060 0.08098
0.33616 0.04334 0.03981 0.58070
0.03459 0.22490 0.07953 0.66098
0.02472 0.79479 0.00292 0.17757
0.08118 0.91273 0.00391 0.00218
0.00295 0.99207 0.00303 0.00196
0.00432 0.98981 0.00242 0.00345
0.17151 0.27242 0.14418 0.41189
0.28486 0.28333 0.12034 0.31147
0.26705 0.35576 0.14670 0.23049
0.24686 0.35542 0.12368 0.27404
0.24684 0.36614 0.13293 0.25409
0.25215 0.35078 0.15911 0.23796
0.25685 0.37332 0.13669 0.23314
0.24866 0.35174 0.16672 0.23287
0.26374 0.36012 0.14741 0.22874
0.27758 0.32617 0.16708 0.22918

>NFKB1 NFKB1_C2
0.21518 0.33086 0.23040 0.22357
0.21817 0.32025 0.23491 0.22667
0.22222 0.31275 0.23797 0.22706
0.23132 0.30225 0.23979 0.22664
0.23779 0.30471 0.23483 0.22267
0.26294 0.28323 0.23678 0.21705
0.29438 0.25637 0.23183 0.21742
0.24459 0.26517 0.24387 0.24636
0.30058 0.25602 0.18398 0.25942
0.35361 0.31301 0.19074 0.14265
0.00014 0.00041 0.99909 0.00036
0.00001 0.00003 0.99991 0.00006
0.00021 0.00002 0.83417 0.16560
0.37892 0.00038 0.59432 0.02638
0.39483 0.35122 0.18162 0.07232
0.07255 0.00313 0.00811 0.91621
0.00011 0.03923 0.00198 0.95867
0.00831 0.85349 0.00008 0.13812
0.00177 0.99818 0.00000 0.00005
0.00001 0.99997 0.00001 0.00000
0.00019 0.99964 0.00014 0.00004
0.14768 0.25158 0.20641 0.39433
0.26323 0.24127 0.18260 0.31291
0.24537 0.31582 0.19971 0.23910
0.22017 0.29859 0.19716 0.28408
0.21955 0.30855 0.21251 0.25939
0.22462 0.30909 0.22979 0.23649
0.23072 0.30633 0.23436 0.22859
0.22652 0.31350 0.23868 0.22130
0.23251 0.30655 0.24523 0.21571

>NFKB1 NFKB1_C3
0.20610 0.32349 0.24988 0.22053
0.21222 0.30376 0.25490 0.22911
0.21752 0.29519 0.26154 0.22575
0.22839 0.28361 0.26176 0.22624
0.24285 0.28241 0.25183 0.22291
0.27559 0.25352 0.25849 0.21240
0.32628 0.21789 0.24637 0.20946
0.25895 0.22406 0.25965 0.25734
0.33435 0.21306 0.17431 0.27828
0.42737 0.26594 0.17703 0.12966
0.00000 0.00000 1.00000 0.00000
0.00000 0.00000 1.00000 0.00000
0.00000 0.00000 0.96233 0.03767
0.23198 0.00000 0.76480 0.00321
0.67739 0.20602 0.09488 0.02172
0.00636 0.00001 0.00006 0.99357
0.00000 0.00009 0.00000 0.99991
0.00028 0.94924 0.00000 0.05048
0.00015 0.99985 0.00000 0.00000
0.00000 1.00000 0.00000 0.00000
0.00000 1.00000 0.00000 0.00000
0.13145 0.20035 0.20894 0.45926
0.27244 0.21121 0.16904 0.34731
0.24908 0.30938 0.19399 0.24754
0.21012 0.28584 0.19210 0.31194
0.20806 0.30094 0.21646 0.27454
0.21873 0.30132 0.23817 0.24177
0.22467 0.30742 0.24295 0.22497
0.22878 0.30582 0.25199 0.21341
0.22432 0.30135 0.26336 0.21098

>NFKB1 NFKB1_C4
0.20007 0.31439 0.26419 0.22135
0.20348 0.29993 0.27143 0.22516
0.20946 0.28626 0.28081 0.22347
0.22609 0.27102 0.27674 0.22615
0.23932 0.27219 0.27039 0.21810
0.28376 0.24274 0.27173 0.20178
0.34322 0.19903 0.25774 0.20001
0.26216 0.20422 0.27707 0.25654
0.35795 0.18866 0.17608 0.27731
0.46871 0.22933 0.18043 0.12154
0.00000 0.00000 1.00000 0.00000
0.00001 0.00001 0.99997 0.00002
0.00001 0.00000 0.98944 0.01055
0.12072 0.00000 0.87735 0.00192
0.82949 0.10198 0.05665 0.01188
0.00068 0.00004 0.00031 0.99898
0.00000 0.00176 0.00003 0.99821
0.00020 0.96775 0.00001 0.03204
0.00021 0.99978 0.00001 0.00001
0.00001 0.99998 0.00000 0.00001
0.00000 0.99999 0.00000 0.00001
0.11250 0.18490 0.20506 0.49753
0.27512 0.19439 0.16270 0.36779
0.24930 0.29973 0.19321 0.25776
0.19967 0.28118 0.18784 0.33130
0.20073 0.29738 0.22409 0.27780
0.21678 0.29486 0.25000 0.23835
0.22061 0.29882 0.25678 0.22378
0.22297 0.29885 0.26989 0.20828
0.22021 0.29370 0.28130 0.20479

>RORB RORB_C1
0.12139 0.64874 0.12522 0.10466
0.16265 0.60289 0.14284 0.09162
0.14903 0.55400 0.12537 0.17160
0.13635 0.59951 0.13444 0.12970
0.22159 0.48067 0.15707 0.14067
0.15421 0.53901 0.12967 0.17710
0.14529 0.57529 0.12890 0.15052
0.17540 0.52771 0.13167 0.16522
0.22315 0.48860 0.10668 0.18157
0.22181 0.49732 0.13312 0.14775
0.21833 0.44242 0.10675 0.23251
0.21389 0.42554 0.17386 0.18672
0.30029 0.32221 0.16230 0.21520
0.30024 0.36509 0.15874 0.17593
0.25298 0.38476 0.20468 0.15758
0.25665 0.32476 0.17809 0.24050
0.30433 0.30794 0.15708 0.23065
0.61322 0.13359 0.11925 0.13394
0.33807 0.26912 0.11720 0.27561
0.22184 0.39439 0.20442 0.17936
0.26143 0.20248 0.15716 0.37893
0.57234 0.08213 0.26500 0.08054
0.12571 0.30100 0.50131 0.07198
0.18068 0.14563 0.61044 0.06326
0.25453 0.10362 0.07800 0.56385
0.13406 0.72826 0.00942 0.12826
0.76243 0.02902 0.16758 0.04097
0.37847 0.24860 0.08574 0.28719
0.24404 0.18369 0.38112 0.19115
0.29389 0.21967 0.20015 0.28630

>RORB RORB_C2
0.17350 0.45150 0.17258 0.20242
0.12627 0.50172 0.16086 0.21115
0.17089 0.42411 0.18868 0.21632
0.17775 0.43590 0.14678 0.23958
0.11635 0.49177 0.18595 0.20593
0.17731 0.45501 0.15604 0.21164
0.19428 0.41952 0.12860 0.25760
0.10488 0.60487 0.12338 0.16687
0.15389 0.54955 0.13971 0.15684
0.17367 0.53429 0.10007 0.19197
0.10664 0.51965 0.13013 0.24358
0.16696 0.49810 0.15661 0.17833
0.20098 0.41663 0.16763 0.21476
0.20418 0.37292 0.16533 0.25758
0.24354 0.31043 0.15199 0.29403
0.44943 0.25388 0.20097 0.09571
0.33476 0.14653 0.18365 0.33506
0.06940 0.44843 0.13008 0.35210
0.42160 0.10053 0.24572 0.23216
0.80437 0.03725 0.10331 0.05507
0.02126 0.38964 0.54638 0.04272
0.11731 0.08023 0.77770 0.02476
0.10785 0.18631 0.16140 0.54443
0.22317 0.44223 0.17181 0.16279
0.72407 0.04966 0.15981 0.06647
0.26440 0.24579 0.26671 0.22310
0.21012 0.22037 0.48550 0.08401
0.26188 0.21445 0.26950 0.25417
0.19450 0.28045 0.33560 0.18945
0.24399 0.18243 0.41978 0.15380

>RORB RORB_C3
0.18266 0.32826 0.24274 0.24634
0.19106 0.31945 0.28385 0.20564
0.19137 0.32482 0.24619 0.23763
0.17555 0.30208 0.25612 0.26624
0.15899 0.30052 0.30691 0.23358
0.14790 0.30237 0.31201 0.23771
0.17533 0.24066 0.34670 0.23731
0.28229 0.16002 0.24634 0.31135
0.51292 0.14639 0.16210 0.17859
0.38581 0.05444 0.23709 0.32266
0.08014 0.29124 0.36293 0.26569
0.17520 0.08463 0.33569 0.40449
0.58486 0.03875 0.29116 0.08524
0.02978 0.17387 0.70569 0.09066
0.04886 0.03597 0.88769 0.02748
0.11469 0.08755 0.30962 0.48814
0.10551 0.51511 0.25300 0.12638
0.56269 0.02509 0.35885 0.05337
0.23942 0.23488 0.30424 0.22145
0.14878 0.16211 0.58302 0.10609
0.18596 0.17427 0.46848 0.17128
0.15089 0.22478 0.40831 0.21602
0.21023 0.16045 0.47949 0.14984
0.24416 0.19056 0.37210 0.19318
0.22322 0.19031 0.41480 0.17168
0.23100 0.16674 0.41157 0.19069
0.17103 0.18680 0.44487 0.19730
0.19502 0.19076 0.40341 0.21081
0.20318 0.17539 0.41352 0.20791
0.21948 0.16954 0.42314 0.18784

>RORB RORB_C4
0.19466 0.27072 0.31675 0.21787
0.22138 0.23154 0.30422 0.24286
0.21760 0.25846 0.27415 0.24979
0.21287 0.26940 0.29418 0.22355
0.19025 0.27098 0.31674 0.22203
0.17288 0.32533 0.30693 0.19486
0.22959 0.16659 0.43816 0.16566
0.43287 0.03478 0.15345 0.37890
0.97643 0.00756 0.00899 0.00701
0.67662 0.00120 0.01184 0.31034
0.04483 0.28798 0.52088 0.14630
0.00348 0.00587 0.07669 0.91395
0.91036 0.00011 0.08905 0.00048
0.00006 0.00247 0.99691 0.00055
0.00040 0.00024 0.99936 0.00000
0.00890 0.01111 0.03327 0.94672
0.00068 0.98139 0.01538 0.00255
0.95130 0.00003 0.04841 0.00026
0.23464 0.40173 0.14130 0.22233
0.14012 0.27571 0.39108 0.19309
0.17623 0.23008 0.35082 0.24287
0.18917 0.24438 0.33071 0.23574
0.22885 0.23325 0.35210 0.18580
0.24277 0.22373 0.28823 0.24527
0.19124 0.27025 0.30459 0.23393
0.24585 0.20128 0.32361 0.22927
0.23828 0.24675 0.28732 0.22765
0.22656 0.22752 0.29450 0.25142
0.21209 0.23301 0.29745 0.25745
0.25885 0.24903 0.27083 0.22129

>TIGD3 TIGD3_C1
0.17043 0.56721 0.16891 0.09345
0.12583 0.58841 0.20065 0.08511
0.16233 0.47423 0.17127 0.19217
0.20535 0.39935 0.13841 0.25689
0.11450 0.64150 0.16182 0.08217
0.16107 0.60062 0.11345 0.12487
0.20477 0.48516 0.07937 0.23070
0.20066 0.41568 0.12518 0.25848
0.11322 0.52821 0.14159 0.21698
0.17633 0.51542 0.11778 0.19047
0.21468 0.40553 0.10561 0.27418
0.10311 0.63568 0.08577 0.17545
0.23556 0.36192 0.25388 0.14865
0.21585 0.33139 0.12317 0.32959
0.20353 0.45230 0.15231 0.19186
0.17928 0.39027 0.25269 0.17776
0.20337 0.32957 0.17261 0.29445
0.46451 0.19049 0.17611 0.16889
0.25680 0.42201 0.20571 0.11547
0.05532 0.56879 0.34606 0.02984
0.26862 0.13874 0.19515 0.39748
0.19205 0.17118 0.07155 0.56522
0.65465 0.07091 0.22206 0.05238
0.53732 0.15138 0.20348 0.10782
0.03275 0.63736 0.29678 0.03311
0.16096 0.30190 0.45881 0.07833
0.34833 0.11957 0.16972 0.36238
0.12070 0.30697 0.26463 0.30769
0.41875 0.08861 0.29485 0.19780
0.35070 0.08715 0.18030 0.38185

>TIGD3 TIGD3_C2
0.23942 0.25445 0.27555 0.23058
0.23586 0.25856 0.27390 0.23168
0.22453 0.28622 0.25615 0.23310
0.26094 0.21966 0.30550 0.21390
0.21326 0.18070 0.28573 0.32031
0.29424 0.06600 0.25021 0.38954
0.24285 0.27728 0.17602 0.30385
0.00848 0.70468 0.02463 0.26220
0.01166 0.07129 0.86177 0.05528
0.01752 0.29232 0.45334 0.23682
0.23568 0.03103 0.02380 0.70948
0.00143 0.00591 0.00907 0.98359
0.90972 0.00374 0.00506 0.08147
0.31401 0.34854 0.27585 0.06159
0.00601 0.60941 0.37675 0.00783
0.08426 0.11557 0.05285 0.74732
0.00305 0.00437 0.98938 0.00319
0.13868 0.70399 0.12013 0.03719
0.97708 0.00876 0.01093 0.00323
0.00917 0.00587 0.01152 0.97344
0.74065 0.05512 0.16017 0.04406
0.35476 0.15219 0.35399 0.13905
0.18828 0.28127 0.27452 0.25594
0.19301 0.24977 0.29400 0.26321
0.20476 0.24757 0.30303 0.24464
0.20627 0.24112 0.33159 0.22102
0.20103 0.24342 0.32720 0.22835
0.20564 0.24733 0.32629 0.22074
0.21210 0.24312 0.31774 0.22705
0.21246 0.25086 0.31079 0.22590

>TIGD3 TIGD3_C3
0.24711 0.25516 0.26655 0.23118
0.22744 0.29568 0.23931 0.23757
0.28839 0.19559 0.31908 0.19695
0.21306 0.15683 0.30168 0.32842
0.32583 0.02410 0.19077 0.45930
0.25504 0.27366 0.14148 0.32982
0.00129 0.78119 0.00599 0.21153
0.00274 0.02282 0.95191 0.02253
0.00504 0.30487 0.44626 0.24384
0.21174 0.00648 0.00547 0.77631
0.00018 0.00019 0.00045 0.99919
0.95665 0.00008 0.00033 0.04295
0.21599 0.42207 0.33174 0.03021
0.00139 0.74546 0.25133 0.00183
0.03568 0.05542 0.01272 0.89618
0.00043 0.00008 0.99927 0.00021
0.06318 0.88113 0.04237 0.01332
0.99880 0.00067 0.00034 0.00020
0.00080 0.00040 0.00047 0.99832
0.88802 0.02077 0.07327 0.01793
0.39650 0.15648 0.32035 0.12666
0.18224 0.30450 0.24044 0.27282
0.19063 0.25632 0.26890 0.28415
0.21549 0.25838 0.27726 0.24887
0.20679 0.25109 0.32258 0.21954
0.19945 0.25622 0.32072 0.22360
0.20586 0.25765 0.31816 0.21833
0.21289 0.25743 0.30220 0.22749
0.21455 0.25528 0.29356 0.23661
0.22073 0.25178 0.28692 0.24057

>TIGD3 TIGD3_C4
0.22889 0.28688 0.27081 0.21342
0.21940 0.30511 0.27085 0.20465
0.20794 0.31879 0.27048 0.20279
0.21685 0.32184 0.26763 0.19368
0.21610 0.31990 0.26439 0.19961
0.24768 0.26678 0.27201 0.21354
0.29828 0.25714 0.26086 0.18372
0.28668 0.21134 0.34134 0.16064
0.09763 0.30406 0.14157 0.45674
0.00122 0.01770 0.00365 0.97743
1.00000 0.00000 0.00000 0.00000
0.00000 0.00000 0.00000 1.00000
0.00106 0.00567 0.97816 0.01510
0.00000 1.00000 0.00000 0.00000
0.98682 0.00016 0.00819 0.00483
0.00004 0.12336 0.87653 0.00007
0.00879 0.37379 0.50840 0.10902
0.00931 0.00000 0.00000 0.99069
1.00000 0.00000 0.00000 0.00000
0.86124 0.00001 0.00004 0.13871
0.25689 0.40216 0.34003 0.00092
0.00457 0.99006 0.00524 0.00012
0.12366 0.00026 0.87599 0.00009
0.36107 0.09115 0.30228 0.24550
0.50396 0.13120 0.00645 0.35840
0.34487 0.31404 0.13657 0.20452
0.17660 0.33111 0.17733 0.31496
0.23608 0.21507 0.33015 0.21869
0.22247 0.26552 0.26191 0.25010
0.22187 0.26579 0.27161 0.24073

