>LEF1 LEF1_C1
0.14742 0.59409 0.16589 0.09260
0.10208 0.62656 0.16345 0.10791
0.13447 0.64007 0.09284 0.13262
0.09556 0.49974 0.17844 0.22626
0.16107 0.44244 0.14149 0.25499
0.15441 0.47924 0.14263 0.22373
0.18769 0.50670 0.10534 0.20026
0.16930 0.52568 0.09116 0.21385
0.20084 0.46400 0.15488 0.18027
0.27097 0.42354 0.06348 0.24202
0.19656 0.43377 0.12658 0.24309
0.30293 0.28296 0.15551 0.25860
0.19600 0.38763 0.15187 0.26450
0.40527 0.19262 0.23127 0.17084
0.44271 0.18236 0.15311 0.22182
0.04550 0.61501 0.24540 0.09409
0.54416 0.06220 0.29790 0.09575
0.24482 0.13554 0.02825 0.59138
0.08941 0.57736 0.20261 0.13062
0.55732 0.13577 0.16020 0.14671
0.62046 0.12527 0.02729 0.22697
0.53687 0.11088 0.26121 0.09103
0.17392 0.29860 0.45203 0.07545
0.16725 0.37256 0.31889 0.14130
0.21938 0.20097 0.19570 0.38395
0.40787 0.13507 0.12496 0.33210
0.48116 0.06334 0.27010 0.18541
0.33713 0.14150 0.26208 0.25929
0.26818 0.27460 0.31005 0.14716
0.35225 0.21547 0.18807 0.24421

>LEF1 LEF1_C2
0.15678 0.48701 0.16187 0.19434
0.16559 0.43533 0.23015 0.16892
0.15889 0.46346 0.17869 0.19896
0.15081 0.47112 0.18286 0.19520
0.17677 0.43501 0.17995 0.20827
0.19106 0.39621 0.16981 0.24292
0.18189 0.42513 0.18653 0.20645
0.18716 0.43338 0.17970 0.19976
0.19645 0.40803 0.16974 0.22579
0.19877 0.40699 0.17517 0.21906
0.22361 0.38951 0.19060 0.19628
0.20643 0.40713 0.17762 0.20882
0.20973 0.33855 0.23552 0.21620
0.19986 0.36736 0.17853 0.25425
0.39598 0.21836 0.22352 0.16213
0.64557 0.14465 0.11529 0.09449
0.01404 0.61103 0.33657 0.03836
0.68513 0.04750 0.15572 0.11165
0.06816 0.07559 0.03862 0.81764
0.06099 0.72795 0.14792 0.06313
0.80200 0.03960 0.07644 0.08197
0.80324 0.05005 0.04000 0.10671
0.68990 0.06494 0.18511 0.06004
0.09315 0.15982 0.71254 0.03449
0.15091 0.21231 0.52305 0.11372
0.24642 0.22398 0.35633 0.17327
0.38071 0.16507 0.20816 0.24606
0.31688 0.20114 0.27871 0.20328
0.25276 0.21205 0.33305 0.20214
0.24150 0.22086 0.32412 0.21352

>LEF1 LEF1_C3
0.21582 0.31471 0.22994 0.23953
0.19688 0.32555 0.22932 0.24825
0.20229 0.31343 0.22523 0.25904
0.20061 0.31888 0.22902 0.25149
0.22040 0.31593 0.22922 0.23445
0.23090 0.32544 0.21728 0.22638
0.23425 0.29509 0.21307 0.25760
0.28541 0.23286 0.18803 0.29370
0.27480 0.19750 0.14989 0.37782
0.10008 0.42876 0.20094 0.27022
0.08957 0.55590 0.21113 0.14340
0.00600 0.88028 0.07923 0.03449
0.02046 0.07549 0.02055 0.88351
0.02914 0.02676 0.01210 0.93200
0.03517 0.04369 0.00727 0.91387
0.02523 0.08524 0.87292 0.01662
0.93408 0.02160 0.01802 0.02630
0.10382 0.06077 0.01432 0.82108
0.02684 0.43195 0.53753 0.00368
0.05176 0.07491 0.05789 0.81544
0.15364 0.25192 0.17917 0.41527
0.21341 0.22052 0.31896 0.24712
0.21786 0.25802 0.30211 0.22201
0.20338 0.22677 0.35295 0.21691
0.20393 0.23716 0.32907 0.22984
0.20956 0.24013 0.31564 0.23466
0.21833 0.23997 0.31967 0.22203
0.21542 0.23106 0.33657 0.21695
0.22488 0.24649 0.31786 0.21078
0.23339 0.22953 0.32116 0.21592

>LEF1 LEF1_C4
0.20361 0.30667 0.25455 0.23517
0.20576 0.31677 0.24289 0.23458
0.18248 0.33107 0.24572 0.24074
0.19606 0.32394 0.24840 0.23160
0.21527 0.32741 0.23849 0.21883
0.21909 0.34254 0.22403 0.21435
0.23109 0.31694 0.21055 0.24143
0.29971 0.20498 0.18425 0.31106
0.27543 0.16724 0.14385 0.41348
0.06998 0.47597 0.20043 0.25362
0.06588 0.62032 0.21291 0.10090
0.00344 0.94213 0.03818 0.01625
0.00761 0.07033 0.01753 0.90453
0.02387 0.01322 0.00778 0.95513
0.01320 0.05317 0.00554 0.92809
0.00945 0.06054 0.92355 0.00646
0.95153 0.01866 0.01072 0.01908
0.06060 0.06828 0.00494 0.86618
0.00893 0.43609 0.55406 0.00091
0.03044 0.06443 0.02628 0.87885
0.13833 0.26925 0.15586 0.43656
0.20399 0.24324 0.29501 0.25777
0.19560 0.27937 0.30189 0.22314
0.18872 0.25106 0.34823 0.21199
0.19464 0.24655 0.32657 0.23223
0.19330 0.27227 0.30478 0.22966
0.20753 0.25010 0.31771 0.22466
0.21595 0.25896 0.30208 0.22301
0.21729 0.25207 0.31388 0.21675
0.22263 0.24573 0.31316 0.21848

>NFKB1 NFKB1_C1
0.22133 0.40144 0.16230 0.21493
0.22117 0.39198 0.17652 0.21032
0.22758 0.39294 0.16714 0.21234
0.24278 0.38123 0.16288 0.21311
0.25148 0.37128 0.16443 0.21280
0.27516 0.35085 0.16418 0.20982
0.25037 0.36164 0.16858 0.21941
0.26784 0.34632 0.15941 0.22642
0.26265 0.42143 0.15079 0.16513
0.02584 0.04803 0.89989 0.02624
0.02376 0.02995 0.92855 0.01774
0.04339 0.02048 0.62483 0.31129
0.54158 0.02716 0.36409 0.06717
0.39752 0.43448 0.08676 0.08124
0.33641 0.04624 0.03689 0.58046
0.03718 0.21614 0.08231 0.66437
0.02676 0.80005 0.00275 0.17043
0.08380 0.90977 0.00425 0.00218
0.00263 0.99295 0.00292 0.00150
0.00440 0.98910 0.00255 0.00395
0.17028 0.28128 0.14612 0.40232
0.28705 0.27702 0.11932 0.31660
0.26620 0.35787 0.13993 0.23599
0.24954 0.35778 0.12723 0.26544
0.24516 0.35951 0.13418 0.26115
0.24705 0.36092 0.15241 0.23963
0.25631 0.36647 0.14226 0.23497
0.25086 0.35963 0.15390 0.23562
0.25971 0.35173 0.15958 0.22898
0.27729 0.33437 0.15855 0.22978

>NFKB1 NFKB1_C2
0.21472 0.33169 0.22903 0.22456
0.21777 0.32003 0.23398 0.22822
0.22181 0.31329 0.23996 0.22494
0.23020 0.30117 0.23849 0.23014
0.23977 0.30400 0.23382 0.22242
0.26491 0.28057 0.23675 0.21778
0.29435 0.25706 0.22995 0.21864
0.24522 0.26264 0.24531 0.24684
0.30188 0.25649 0.18311 0.25852
0.35453 0.31366 0.18977 0.14204
0.00008 0.00020 0.99951 0.00021
0.00000 0.00002 0.99995 0.00003
0.00014 0.00000 0.83485 0.16501
0.37917 0.00030 0.59517 0.02537
0.39461 0.35348 0.18010 0.07181
0.06870 0.00172 0.00629 0.92329
0.00008 0.03372 0.00152 0.96469
0.00688 0.85620 0.00005 0.13687
0.00169 0.99828 0.00000 0.00002
0.00001 0.99998 0.00001 0.00000
0.00009 0.99983 0.00006 0.00002
0.14706 0.24821 0.20600 0.39874
0.26513 0.23999 0.18107 0.31382
0.24433 0.31497 0.20196 0.23874
0.22021 0.30010 0.19506 0.28464
0.21919 0.30879 0.21375 0.25827
0.22537 0.30820 0.23032 0.23611
0.22756 0.30845 0.23463 0.22936
0.22974 0.31110 0.23790 0.22126
0.23133 0.30716 0.24479 0.21671

>NFKB1 NFKB1_C3
0.20653 0.32209 0.25009 0.22130
0.21425 0.30529 0.25285 0.22761
0.21818 0.29488 0.26072 0.22622
0.22802 0.28356 0.26216 0.22626
0.24229 0.28220 0.25214 0.22338
0.27532 0.25265 0.26040 0.21162
0.32550 0.21998 0.24552 0.20900
0.25776 0.22591 0.25992 0.25641
0.33250 0.21381 0.17638 0.27732
0.42487 0.26447 0.18038 0.13028
0.00000 0.00000 1.00000 0.00000
0.00000 0.00000 0.99999 0.00001
0.00000 0.00000 0.95996 0.04004
0.23566 0.00001 0.76058 0.00375
0.66978 0.20896 0.09757 0.02369
0.00816 0.00002 0.00009 0.99173
0.00000 0.00022 0.00000 0.99978
0.00032 0.94822 0.00000 0.05146
0.00016 0.99984 0.00000 0.00000
0.00000 1.00000 0.00000 0.00000
0.00000 1.00000 0.00000 0.00000
0.13288 0.20114 0.20807 0.45792
0.27263 0.21199 0.17006 0.34532
0.25002 0.30966 0.19341 0.24691
0.20973 0.28625 0.19351 0.31051
0.20857 0.30031 0.21605 0.27508
0.21829 0.30147 0.23881 0.24143
0.22532 0.30699 0.24296 0.22473
0.22905 0.30633 0.25166 0.21296
0.22454 0.30094 0.26267 0.21186

>NFKB1 NFKB1_C4
0.19974 0.31458 0.26406 0.22162
0.20361 0.29965 0.27159 0.22515
0.20939 0.28604 0.28101 0.22356
0.22579 0.27103 0.27747 0.22570
0.23888 0.27238 0.27032 0.21843
0.28393 0.24251 0.27133 0.20223
0.34268 0.19904 0.25813 0.20015
0.26199 0.20445 0.27735 0.25621
0.35859 0.18816 0.17616 0.27709
0.46921 0.22958 0.17951 0.12169
0.00000 0.00000 1.00000 0.00000
0.00001 0.00001 0.99998 0.00001
0.00001 0.00000 0.98984 0.01015
0.11976 0.00000 0.87842 0.00182
0.83089 0.10114 0.05683 0.01113
0.00092 0.00005 0.00028 0.99876
0.00000 0.00105 0.00001 0.99894
0.00020 0.96863 0.00001 0.03116
0.00016 0.99982 0.00001 0.00001
0.00001 0.99998 0.00000 0.00001
0.00000 0.99999 0.00000 0.00001
0.11253 0.18478 0.20517 0.49752
0.27454 0.19423 0.16292 0.36831
0.24923 0.29969 0.19276 0.25832
0.19949 0.28114 0.18793 0.33144
0.20019 0.29757 0.22400 0.27825
0.21696 0.29446 0.24982 0.23876
0.22078 0.29871 0.25666 0.22385
0.22320 0.29906 0.26959 0.20815
0.22028 0.29408 0.28084 0.20480

>TIGD3 TIGD3_C1
0.02937 0.76217 0.13894 0.06952
0.07319 0.75243 0.09498 0.07940
0.28909 0.25251 0.09800 0.36039
0.20949 0.22219 0.11374 0.45458
0.08479 0.55612 0.26765 0.09143
0.20881 0.34443 0.25381 0.19296
0.18714 0.18507 0.06800 0.55980
0.22769 0.36185 0.14548 0.26498
0.48438 0.11598 0.27695 0.12269
0.10200 0.69691 0.10494 0.09616
0.07433 0.53205 0.32958 0.06403
0.25388 0.17317 0.20761 0.36534
0.13816 0.19047 0.11745 0.55392
0.39023 0.12757 0.31034 0.17186
0.41218 0.24091 0.11767 0.22924
0.18522 0.28588 0.44517 0.08374
0.18730 0.23139 0.42238 0.15893
0.15170 0.29454 0.34184 0.21192
0.34170 0.12230 0.25585 0.28015
0.28758 0.31826 0.15737 0.23680
0.30962 0.12977 0.39451 0.16610
0.45096 0.08882 0.28426 0.17596
0.22263 0.23471 0.37731 0.16535
0.18276 0.15878 0.55852 0.09993
0.11711 0.25422 0.40419 0.22448
0.31139 0.15033 0.31681 0.22147
0.24390 0.12874 0.25616 0.37121
0.14282 0.22024 0.45672 0.18021
0.33456 0.08146 0.52182 0.06216
0.14712 0.07914 0.42923 0.34452

>TIGD3 TIGD3_C2
0.23961 0.25255 0.27543 0.23241
0.23724 0.25708 0.27335 0.23233
0.22349 0.28864 0.25570 0.23217
0.26029 0.21889 0.30809 0.21273
0.21470 0.18059 0.28554 0.31917
0.29383 0.06490 0.25114 0.39012
0.24364 0.27760 0.17472 0.30404
0.00799 0.70594 0.02537 0.26070
0.01183 0.07148 0.86273 0.05396
0.01699 0.29086 0.45507 0.23708
0.23337 0.02934 0.02501 0.71228
0.00127 0.00717 0.00791 0.98364
0.90865 0.00407 0.00582 0.08146
0.31343 0.34835 0.27601 0.06221
0.00639 0.61191 0.37405 0.00765
0.08323 0.11564 0.05155 0.74958
0.00329 0.00474 0.98851 0.00345
0.13516 0.70675 0.12067 0.03742
0.97643 0.00874 0.01177 0.00307
0.00896 0.00495 0.01133 0.97476
0.74199 0.05469 0.15874 0.04458
0.35339 0.15149 0.35518 0.13993
0.19053 0.28038 0.27205 0.25705
0.19211 0.25220 0.29397 0.26171
0.20648 0.24821 0.30325 0.24206
0.20659 0.24168 0.33137 0.22036
0.20030 0.24348 0.32781 0.22841
0.20473 0.24898 0.32710 0.21919
0.21099 0.24410 0.31800 0.22691
0.21315 0.24980 0.31214 0.22492

>TIGD3 TIGD3_C3
0.23705 0.26604 0.26632 0.23060
0.24744 0.25848 0.26544 0.22864
0.22489 0.30244 0.23596 0.23672
0.29005 0.19641 0.32162 0.19192
0.21189 0.15457 0.30432 0.32922
0.33000 0.01892 0.17819 0.47288
0.25611 0.27761 0.12776 0.33851
0.00030 0.80958 0.00214 0.18798
0.00090 0.01500 0.96892 0.01518
0.00284 0.30907 0.44118 0.24691
0.18872 0.00179 0.00100 0.80848
0.00001 0.00000 0.00000 0.99999
0.97374 0.00000 0.00000 0.02626
0.19572 0.45064 0.33004 0.02359
0.00038 0.78087 0.21805 0.00071
0.02429 0.03626 0.00401 0.93544
0.00000 0.00000 0.99999 0.00001
0.04816 0.91836 0.02688 0.00661
0.99998 0.00002 0.00000 0.00001
0.00003 0.00001 0.00000 0.99996
0.92348 0.01378 0.05266 0.01008
0.41599 0.15250 0.31431 0.11721
0.17675 0.31485 0.23418 0.27421
0.18581 0.26256 0.26295 0.28868
0.21495 0.26245 0.27413 0.24848
0.20185 0.25645 0.32309 0.21860
0.19644 0.25943 0.32431 0.21982
0.20360 0.26275 0.31890 0.21474
0.21234 0.26129 0.30179 0.22458
0.21302 0.26033 0.29082 0.23583

>TIGD3 TIGD3_C4
0.25045 0.26112 0.26508 0.22335
0.21876 0.32882 0.21604 0.23638
0.31333 0.17776 0.33142 0.17748
0.20368 0.13718 0.31594 0.34320
0.35807 0.00651 0.13103 0.50439
0.24723 0.30154 0.08906 0.36217
0.00007 0.87875 0.00026 0.12092
0.00011 0.00478 0.99036 0.00476
0.00100 0.33977 0.40265 0.25659
0.13956 0.00006 0.00002 0.86037
0.00000 0.00000 0.00000 1.00000
0.99091 0.00000 0.00000 0.00909
0.10928 0.50875 0.37306 0.00891
0.00007 0.87617 0.12371 0.00004
0.00462 0.00848 0.00017 0.98673
0.00000 0.00000 1.00000 0.00000
0.01524 0.97788 0.00582 0.00105
1.00000 0.00000 0.00000 0.00000
0.00000 0.00000 0.00000 1.00000
0.97821 0.00330 0.01730 0.00120
0.45614 0.14169 0.30493 0.09725
0.16041 0.34112 0.21087 0.28760
0.18259 0.26192 0.25782 0.29768
0.21248 0.26980 0.26748 0.25024
0.19909 0.26428 0.32147 0.21516
0.19426 0.26689 0.32215 0.21669
0.20267 0.27056 0.31935 0.20742
0.20521 0.27100 0.30266 0.22112
0.21285 0.27012 0.28768 0.22935
0.22025 0.26617 0.27502 0.23856

