><module 'tensorflow' from '/usr/local/lib/python3.6/site-packages/tensorflow/__init__.py'> <module 'tensorflow' from '/usr/local/lib/python3.6/site-packages/tensorflow/__init__.py'>_C3
0.21718 0.30155 0.23394 0.24733
0.21920 0.30821 0.22705 0.24554
0.20860 0.31536 0.22721 0.24883
0.20578 0.31590 0.22657 0.25175
0.20611 0.31863 0.23429 0.24097
0.21760 0.33537 0.22507 0.22196
0.22724 0.32643 0.21847 0.22787
0.23311 0.30430 0.20801 0.25458
0.27772 0.22398 0.19640 0.30189
0.27165 0.20398 0.14859 0.37577
0.10335 0.43579 0.19762 0.26323
0.08583 0.55662 0.21552 0.14203
0.00802 0.88163 0.07410 0.03625
0.01570 0.08976 0.01561 0.87892
0.03711 0.02580 0.01036 0.92673
0.03264 0.04718 0.00760 0.91258
0.02561 0.07659 0.87931 0.01849
0.93210 0.02668 0.01309 0.02813
0.10085 0.07410 0.01108 0.81397
0.02358 0.42669 0.54750 0.00223
0.05292 0.07315 0.05163 0.82230
0.16034 0.24595 0.17678 0.41693
0.21328 0.22648 0.31122 0.24902
0.21804 0.26413 0.29274 0.22508
0.19985 0.22815 0.35321 0.21879
0.21162 0.24341 0.31820 0.22678
0.20631 0.25155 0.30831 0.23382
0.22378 0.23562 0.30742 0.23318
0.22347 0.23787 0.32163 0.21702
0.22228 0.25921 0.31255 0.20596
