>LEF1 LEF1_C3
0.21342 0.34406 0.21265 0.22987
0.20784 0.35147 0.21036 0.23033
0.20173 0.35375 0.21565 0.22887
0.20122 0.34888 0.21266 0.23724
0.20158 0.35420 0.21486 0.22936
0.21200 0.37281 0.20376 0.21142
0.21295 0.37072 0.20348 0.21286
0.20776 0.36366 0.19245 0.23612
0.22275 0.29685 0.20590 0.27449
0.24767 0.27544 0.16479 0.31210
0.14386 0.44181 0.18932 0.22501
0.10834 0.51005 0.23723 0.14439
0.04898 0.70734 0.15494 0.08874
0.07423 0.26030 0.08664 0.57883
0.15491 0.12173 0.06817 0.65519
0.12329 0.18371 0.04948 0.64352
0.10359 0.20812 0.61936 0.06894
0.66338 0.13503 0.08511 0.11648
0.12507 0.24263 0.05766 0.57464
0.08312 0.39298 0.50762 0.01627
0.10710 0.16295 0.13214 0.59780
0.19415 0.26881 0.21112 0.32592
0.21519 0.24870 0.32814 0.20798
0.21590 0.30612 0.27132 0.20666
0.19068 0.24290 0.35818 0.20824
0.21651 0.26442 0.31001 0.20906
0.20147 0.28239 0.30566 0.21048
0.22621 0.26082 0.30167 0.21130
0.21838 0.26351 0.32749 0.19062
0.21112 0.29497 0.31375 0.18017
