>LEF1 LEF1_C3
0.21032 0.32963 0.22639 0.23366
0.19574 0.33412 0.22890 0.24124
0.19489 0.32743 0.22169 0.25599
0.20132 0.32000 0.23044 0.24825
0.22447 0.33531 0.21424 0.22598
0.22951 0.32455 0.22150 0.22443
0.23466 0.30995 0.21775 0.23764
0.28357 0.23187 0.18296 0.30160
0.26733 0.21044 0.14031 0.38192
0.10232 0.41168 0.20953 0.27647
0.09039 0.56402 0.20265 0.14294
0.00683 0.88743 0.07220 0.03354
0.01736 0.08281 0.02263 0.87720
0.03383 0.02164 0.01219 0.93234
0.03791 0.04847 0.01092 0.90270
0.02372 0.09397 0.86874 0.01357
0.93169 0.02334 0.02036 0.02461
0.10430 0.06396 0.01442 0.81731
0.02841 0.42915 0.53711 0.00533
0.05727 0.07307 0.05373 0.81593
0.16370 0.25615 0.16896 0.41119
0.21098 0.22597 0.31662 0.24643
0.21841 0.25622 0.30202 0.22334
0.19952 0.23008 0.34437 0.22603
0.21589 0.23019 0.32859 0.22533
0.20835 0.24438 0.31061 0.23667
0.21743 0.22980 0.32591 0.22685
0.22037 0.23487 0.32535 0.21941
0.22728 0.24111 0.30946 0.22216
0.23298 0.23298 0.31967 0.21438
