>GABPA GABPA_CHS_CHS
0.42700 0.17449 0.33992 0.05858
0.04800 0.79078 0.14508 0.01614
0.12825 0.86643 0.00530 0.00002
0.00002 0.00004 0.99335 0.00658
0.00002 0.00004 0.99905 0.00089
0.99990 0.00004 0.00004 0.00002
0.92671 0.01288 0.00265 0.05776
0.12918 0.03515 0.83303 0.00263
0.03662 0.23981 0.03655 0.68702
0.15911 0.15219 0.57172 0.11699

>GABPA GABPA_CHS_GHTS
0.00003 0.87584 0.01596 0.10817
0.03128 0.00007 0.00192 0.96673
0.00055 0.00137 0.00007 0.99801
0.00178 0.99665 0.00153 0.00003
0.00459 0.99118 0.00091 0.00332
0.00003 0.00007 0.90295 0.09695
0.00075 0.11285 0.85515 0.03125
0.01799 0.37956 0.10445 0.49800

>GABPA GABPA_GHTS_CHS
0.60720 0.07250 0.29749 0.02280
0.01966 0.86465 0.11568 0.00001
0.16074 0.83845 0.00080 0.00001
0.00119 0.00041 0.99839 0.00001
0.00001 0.00002 0.99839 0.00158
0.99956 0.00041 0.00002 0.00001
0.96459 0.00316 0.00002 0.03223
0.09503 0.00552 0.89945 0.00001
0.02241 0.23062 0.02477 0.72220
0.16752 0.18340 0.45796 0.19112
0.24218 0.24826 0.42554 0.08403
0.23582 0.32764 0.26414 0.17240
0.24897 0.21640 0.31022 0.22440
0.20114 0.24294 0.36206 0.19386

>GABPA GABPA_GHTS_GHTS
0.44819 0.16832 0.28299 0.10050
0.66378 0.04600 0.28520 0.00502
0.03961 0.79255 0.16783 0.00002
0.15743 0.84253 0.00002 0.00002
0.00056 0.00002 0.99940 0.00002
0.00056 0.00002 0.99831 0.00111
0.99939 0.00002 0.00002 0.00056
0.96653 0.00057 0.00002 0.03288
0.10989 0.00190 0.88819 0.00002
0.00705 0.19137 0.04653 0.75505

>PRDM5 PRDM5_CHS_CHS
0.22386 0.22164 0.39264 0.16186
0.26292 0.19111 0.37343 0.17253
0.17405 0.23485 0.43478 0.15633
0.21768 0.28278 0.31428 0.18527
0.39788 0.13024 0.32524 0.14665
0.24815 0.22086 0.45033 0.08066
0.29160 0.28769 0.40148 0.01923
0.18973 0.26423 0.10712 0.43893
0.01939 0.00517 0.96501 0.01044
0.00655 0.01044 0.97239 0.01062
0.73368 0.03317 0.07265 0.16050
0.08434 0.01412 0.81878 0.08277
0.38807 0.20455 0.35350 0.05388
0.21462 0.15831 0.18274 0.44433
0.07160 0.59672 0.09673 0.23495
0.42729 0.20760 0.31968 0.04543
0.29249 0.08267 0.49492 0.12992
0.02581 0.00968 0.95402 0.01049
0.04259 0.03669 0.64343 0.27730
0.15977 0.18832 0.08295 0.56895
0.28069 0.19377 0.31315 0.21238
0.30603 0.31221 0.21350 0.16825
0.21603 0.19829 0.39919 0.18649
0.19482 0.28896 0.37434 0.14187
0.25126 0.29225 0.31462 0.14187
0.23902 0.19576 0.36190 0.20332
0.28972 0.17107 0.37155 0.16765
0.16857 0.19443 0.41576 0.22125
0.31357 0.21389 0.24461 0.22793
0.20071 0.22647 0.31524 0.25757

>PRDM5 PRDM5_CHS_GHTS
0.17665 0.23489 0.41894 0.16952
0.17861 0.12476 0.55138 0.14525
0.23241 0.24911 0.36626 0.15222
0.13103 0.18893 0.40431 0.27573
0.19455 0.24717 0.26382 0.29446
0.15034 0.25984 0.34769 0.24213
0.20140 0.43770 0.23445 0.12646
0.35341 0.28349 0.23283 0.13027
0.27714 0.25619 0.34243 0.12424
0.16223 0.19416 0.53662 0.10699
0.21984 0.16092 0.48115 0.13809
0.24863 0.25357 0.37640 0.12139
0.15248 0.36875 0.33831 0.14046
0.24278 0.36339 0.21300 0.18083
0.34353 0.12845 0.40425 0.12377
0.23507 0.27688 0.41774 0.07031
0.30264 0.28686 0.38698 0.02352
0.17098 0.24944 0.12711 0.45246
0.02631 0.00933 0.94639 0.01798
0.02082 0.01672 0.94923 0.01322
0.60108 0.08149 0.11264 0.20479
0.10156 0.05874 0.77548 0.06422
0.42667 0.17796 0.34528 0.05009
0.28438 0.10122 0.24926 0.36514
0.08092 0.64432 0.08220 0.19256
0.47511 0.20529 0.26003 0.05957
0.21882 0.08897 0.50072 0.19149
0.03237 0.01808 0.92109 0.02845
0.02832 0.05633 0.59434 0.32101
0.14211 0.21592 0.11734 0.52463

>PRDM5 PRDM5_GHTS_CHS
0.00005 0.00006 0.99984 0.00005
0.00005 0.00006 0.99984 0.00005
0.68429 0.00765 0.03498 0.27309
0.06490 0.00677 0.90097 0.02737
0.44606 0.11860 0.37608 0.05925
0.20411 0.20182 0.18827 0.40580
0.11166 0.63670 0.14710 0.10454
0.59221 0.18686 0.20267 0.01826
0.44473 0.00613 0.33535 0.21379
0.00005 0.00006 0.99984 0.00005
0.01371 0.00917 0.82334 0.15377
0.18490 0.20372 0.07842 0.53296

>PRDM5 PRDM5_GHTS_GHTS
0.14397 0.07237 0.70039 0.08171
0.08716 0.05370 0.81556 0.04202
0.28016 0.17510 0.25370 0.28949
0.10272 0.17276 0.52529 0.19767
0.19144 0.25214 0.31284 0.24202
0.10039 0.36420 0.27626 0.25759
0.17121 0.42412 0.24903 0.15409
0.39844 0.30195 0.20311 0.09494
0.32996 0.08327 0.29650 0.28872
0.08093 0.03813 0.81556 0.06381
0.07393 0.04280 0.82724 0.05447
0.21712 0.18210 0.29650 0.30272
0.20856 0.27704 0.37588 0.13696
0.23969 0.34163 0.18444 0.23268
0.23424 0.18911 0.31051 0.26459
0.19377 0.26770 0.40311 0.13385
0.37821 0.23735 0.36732 0.01556
0.20934 0.13852 0.10350 0.54708
0.03035 0.00389 0.94786 0.01634
0.01634 0.01089 0.95798 0.01323
0.40778 0.05447 0.07860 0.45759
0.09883 0.01946 0.82802 0.05214
0.50195 0.10817 0.23424 0.15409
0.25214 0.09027 0.24047 0.41556
0.10817 0.56187 0.16887 0.15953
0.51128 0.14942 0.30117 0.03658
0.24047 0.02568 0.44436 0.28794
0.02646 0.02568 0.92374 0.02257
0.06304 0.05292 0.51206 0.37121
0.14864 0.10817 0.23580 0.50661

>SP140 SP140_CHS_CHS
0.02219 0.27867 0.40444 0.29470
0.12454 0.33539 0.20222 0.33785
0.04439 0.53761 0.14427 0.27374
0.13687 0.17509 0.02343 0.66461
0.22565 0.40814 0.20592 0.16030
0.02959 0.41430 0.02836 0.52774
0.18002 0.52651 0.07645 0.21702
0.27867 0.16153 0.39457 0.16523
0.45253 0.30703 0.02219 0.21825
0.36498 0.14427 0.31813 0.17263
0.05919 0.14427 0.21332 0.58323
0.45499 0.03576 0.18866 0.32059
0.18619 0.05919 0.67448 0.08015
0.31566 0.51295 0.08755 0.08385
0.36498 0.16646 0.05795 0.41060
0.20592 0.04809 0.43896 0.30703
0.24044 0.10111 0.50062 0.15783
0.27497 0.10234 0.51418 0.10851
0.78915 0.02343 0.14673 0.04069
0.38594 0.29840 0.13810 0.17756
0.11221 0.05795 0.03822 0.79162
0.63995 0.03329 0.29963 0.02713
0.13194 0.58693 0.16400 0.11714
0.83600 0.07398 0.03946 0.05055
0.31813 0.05795 0.51048 0.11344
0.27497 0.09618 0.38224 0.24661
0.07398 0.46363 0.20099 0.26141
0.41924 0.03576 0.43527 0.10974
0.19605 0.28977 0.11344 0.40074
0.42293 0.30333 0.21825 0.05549

>SP140 SP140_CHS_GHTS
0.22811 0.18249 0.18619 0.40321
0.46732 0.14797 0.14673 0.23798
0.39211 0.15660 0.15536 0.29593
0.02959 0.07768 0.09494 0.79778
0.15660 0.43650 0.26141 0.14550
0.08508 0.33785 0.18742 0.38964
0.40197 0.52035 0.02343 0.05425
0.33662 0.18742 0.17509 0.30086
0.06289 0.08508 0.42787 0.42417
0.07645 0.43403 0.04069 0.44883
0.49938 0.05425 0.14920 0.29716
0.37978 0.43773 0.10604 0.07645
0.10111 0.16893 0.02589 0.70407
0.29223 0.09248 0.17633 0.43896
0.24168 0.34279 0.14550 0.27004
0.25401 0.36991 0.24661 0.12947
0.55487 0.03822 0.27867 0.12824
0.12207 0.12454 0.43773 0.31566
0.55487 0.21332 0.04439 0.18742
0.11961 0.10111 0.47719 0.30210
0.23674 0.11344 0.58200 0.06782
0.33292 0.54501 0.01973 0.10234
0.44390 0.21702 0.07028 0.26880
0.16893 0.08878 0.52404 0.21825
0.57583 0.25894 0.08631 0.07891
0.18002 0.21085 0.35512 0.25401
0.48829 0.04686 0.42170 0.04316
0.28113 0.40567 0.03699 0.27620
0.27374 0.02713 0.40691 0.29223
0.17139 0.13440 0.46609 0.22811

>SP140 SP140_GHTS_CHS
0.04631 0.90529 0.04724 0.00116
0.00116 0.04724 0.04724 0.90436
0.00116 0.04724 0.90529 0.04631
0.00116 0.04724 0.90529 0.04631
0.94950 0.00210 0.04724 0.00116
0.04631 0.00210 0.95044 0.00116
0.09145 0.00210 0.04724 0.85921
0.00116 0.00210 0.99558 0.00116
0.04631 0.90529 0.00210 0.04631
0.90436 0.00210 0.04724 0.04631
0.22691 0.00210 0.76984 0.00116
0.00116 0.04724 0.04724 0.90436
0.00116 0.00210 0.95044 0.04631
0.00116 0.00210 0.99558 0.00116
0.00116 0.95044 0.00210 0.04631
0.36235 0.00210 0.58925 0.04631

>SP140 SP140_GHTS_GHTS
0.29953 0.13099 0.41861 0.15087
0.01900 0.64266 0.04283 0.29551
0.90559 0.00003 0.00003 0.09436
0.12877 0.13928 0.70984 0.02211
0.06712 0.40374 0.12246 0.40668
0.05490 0.18185 0.56856 0.19469
0.45891 0.34998 0.19110 0.00002
0.00634 0.99362 0.00003 0.00002
0.00002 0.00003 0.99994 0.00002
0.17585 0.17424 0.49847 0.15145
0.16986 0.56246 0.20194 0.06573
0.46563 0.11187 0.27154 0.15097
0.22992 0.38539 0.22657 0.15812
0.28688 0.37441 0.21924 0.11947

>ZNF362 ZNF362_CHS_CHS
0.08042 0.07239 0.04335 0.80384
0.08415 0.05575 0.03620 0.82390
0.06976 0.05022 0.03135 0.84867
0.05067 0.04313 0.02617 0.88004
0.03865 0.02580 0.02239 0.91316
0.02739 0.02119 0.02051 0.93090
0.02500 0.01723 0.01645 0.94132
0.02225 0.01227 0.01409 0.95139
0.01947 0.01282 0.03276 0.93495
0.01828 0.00748 0.00925 0.96499
0.04273 0.00701 0.00934 0.94091
0.01392 0.00762 0.01019 0.96827
0.01132 0.00587 0.00748 0.97533
0.01439 0.00912 0.00766 0.96883
0.01187 0.01156 0.00899 0.96758
0.01247 0.01150 0.00940 0.96662
0.05226 0.01577 0.01678 0.91520
0.02335 0.01974 0.07449 0.88241
0.03120 0.03342 0.03052 0.90486
0.13626 0.01817 0.05904 0.78653
0.08332 0.02216 0.79363 0.10089
0.86255 0.02854 0.03548 0.07343
0.07356 0.02523 0.84217 0.05904
0.88549 0.01076 0.07209 0.03165
0.06876 0.62890 0.04125 0.26109
0.46018 0.02296 0.46724 0.04961
0.10411 0.04873 0.81483 0.03233
0.74050 0.02051 0.18992 0.04907
0.09960 0.01936 0.83872 0.04231
0.04740 0.02898 0.03434 0.88927

>ZNF362 ZNF362_CHS_GHTS
0.01265 0.01683 0.01069 0.95982
0.00702 0.01189 0.00930 0.97178
0.00557 0.01246 0.00633 0.97564
0.00639 0.00715 0.00481 0.98165
0.00696 0.00494 0.00335 0.98475
0.00614 0.00437 0.00437 0.98513
0.00272 0.00361 0.00373 0.98994
0.00234 0.00291 0.00399 0.99076
0.00221 0.00291 0.00266 0.99222
0.00209 0.00335 0.00253 0.99203
0.00190 0.00247 0.00550 0.99013
0.00165 0.00399 0.03872 0.95565
0.00361 0.00405 0.00437 0.98798
0.04201 0.00240 0.00291 0.95267
0.00550 0.00582 0.00531 0.98336
0.00728 0.01038 0.01297 0.96938
0.02113 0.00531 0.01917 0.95438
0.02841 0.00949 0.43809 0.52401
0.48270 0.01367 0.01797 0.48567
0.11439 0.01987 0.49883 0.36691
0.51395 0.01917 0.16077 0.30611
0.05707 0.34211 0.06226 0.53856
0.44283 0.02354 0.27814 0.25549
0.07074 0.03853 0.84125 0.04948
0.83632 0.01588 0.08485 0.06295
0.06169 0.01765 0.87099 0.04967
0.40095 0.02702 0.03891 0.53312
0.01594 0.89737 0.01158 0.07510
0.20025 0.02442 0.23189 0.54344
0.08573 0.33850 0.35527 0.22050

>ZNF362 ZNF362_GHTS_CHS
0.12339 0.73986 0.01307 0.12367
0.09296 0.44688 0.00053 0.45963
0.24749 0.00053 0.68945 0.06253
0.03209 0.10437 0.00053 0.86301
0.00166 0.96571 0.00053 0.03209
0.01420 0.00053 0.00053 0.98473
0.00166 0.86188 0.03097 0.10549
0.77171 0.04350 0.06140 0.12339
0.87554 0.06140 0.06140 0.00166
0.93641 0.03097 0.03097 0.00166
0.96684 0.00053 0.00053 0.03209
0.99727 0.00053 0.00053 0.00166
0.99727 0.00053 0.00053 0.00166
0.99727 0.00053 0.00053 0.00166
0.99727 0.00053 0.00053 0.00166
0.99727 0.00053 0.00053 0.00166
0.99727 0.00053 0.00053 0.00166
0.99727 0.00053 0.00053 0.00166
0.99727 0.00053 0.00053 0.00166
0.99727 0.00053 0.00053 0.00166
0.99727 0.00053 0.00053 0.00166
0.99727 0.00053 0.00053 0.00166
0.99727 0.00053 0.00053 0.00166
0.93641 0.03097 0.03097 0.00166

>ZNF362 ZNF362_GHTS_GHTS
0.01111 0.03333 0.02222 0.93333
0.01111 0.03333 0.11111 0.84444
0.01111 0.02222 0.07778 0.88889
0.01111 0.01111 0.04444 0.93333
0.02222 0.01111 0.05556 0.91111
0.01111 0.01111 0.07778 0.90000
0.02222 0.04444 0.01111 0.92222
0.02222 0.01111 0.06667 0.90000
0.01111 0.01111 0.10000 0.87778
0.02222 0.01111 0.03333 0.93333
0.01111 0.02222 0.07778 0.88889
0.03333 0.01111 0.05556 0.90000
0.01111 0.01111 0.02222 0.95556
0.01111 0.01111 0.10000 0.87778
0.01111 0.03333 0.08889 0.86667
0.02222 0.03333 0.05556 0.88889
0.02222 0.02222 0.08889 0.86667
0.04444 0.01111 0.47778 0.46667
0.37778 0.02222 0.02222 0.57778
0.01111 0.06667 0.47778 0.44444
0.44444 0.02222 0.05556 0.47778
0.08889 0.27778 0.03333 0.60000
0.21111 0.05556 0.38889 0.34444
0.05556 0.12222 0.71111 0.11111
0.72222 0.03333 0.02222 0.22222
0.06667 0.05556 0.84444 0.03333
0.32222 0.08889 0.14444 0.44444
0.10000 0.57778 0.20000 0.12222
0.27778 0.03333 0.20000 0.48889
0.11111 0.35556 0.38889 0.14444

>ZNF407 ZNF407_CHS_CHS
0.24089 0.21583 0.41655 0.12673
0.09286 0.47802 0.34755 0.08157
0.07154 0.04020 0.37766 0.51060
0.94842 0.00006 0.05149 0.00003
0.04017 0.85938 0.00006 0.10039
0.06025 0.02013 0.90830 0.01132
0.02136 0.00006 0.97855 0.00003
0.25594 0.23088 0.24092 0.27225
0.26096 0.00759 0.61099 0.12046
0.15935 0.13680 0.62228 0.08157
0.01508 0.74898 0.22085 0.01508
0.03265 0.66619 0.11673 0.18444
0.06903 0.32622 0.49056 0.11419
0.23462 0.21834 0.47802 0.06903
0.17942 0.26475 0.44791 0.10792
0.36007 0.17192 0.34630 0.12172
0.33372 0.14056 0.41278 0.11293
0.11419 0.06529 0.78411 0.03641
0.12422 0.11673 0.67246 0.08659
0.14555 0.19074 0.54701 0.11670
0.22458 0.37891 0.18321 0.21329
0.09914 0.67873 0.13554 0.08659
0.50935 0.14056 0.26350 0.08659
0.36007 0.21332 0.26475 0.16186

>ZNF407 ZNF407_CHS_GHTS
0.25316 0.20231 0.43128 0.11324
0.11197 0.47198 0.33588 0.08017
0.07126 0.01914 0.38167 0.52792
0.99985 0.00006 0.00006 0.00003
0.03183 0.83960 0.00006 0.12851
0.08017 0.00006 0.91974 0.00003
0.00003 0.00006 0.99988 0.00003
0.28369 0.22267 0.21376 0.27988
0.24172 0.00897 0.61954 0.12978
0.18066 0.12345 0.62081 0.07508
0.00894 0.77600 0.19977 0.01529
0.03946 0.65388 0.12726 0.17939
0.06745 0.31298 0.50506 0.11451
0.25953 0.22648 0.43891 0.07508
0.16667 0.24047 0.48852 0.10434
0.34857 0.15907 0.36259 0.12978
0.30278 0.14762 0.40075 0.14886
0.13995 0.07638 0.74674 0.03692
0.13359 0.10437 0.66533 0.09671
0.17557 0.19850 0.50633 0.11960
0.20228 0.34732 0.24938 0.20101
0.14123 0.51396 0.21376 0.13105
0.39818 0.21885 0.27482 0.10815
0.29769 0.22394 0.31680 0.16158

>ZNF407 ZNF407_GHTS_CHS
0.28985 0.21854 0.36552 0.12609
0.23527 0.21014 0.42430 0.13029
0.07570 0.53348 0.29832 0.09250
0.12609 0.15555 0.22274 0.49562
0.99951 0.00018 0.00018 0.00012
0.00852 0.94079 0.00018 0.05051
0.00852 0.00018 0.99118 0.00012
0.00012 0.00018 0.99958 0.00012
0.43682 0.15976 0.15555 0.24786
0.40323 0.00438 0.48309 0.10929
0.13869 0.10516 0.70143 0.05472
0.00432 0.79382 0.19754 0.00432
0.02111 0.74763 0.04637 0.18488
0.02951 0.32351 0.50829 0.13869
0.44942 0.10516 0.37390 0.07151
0.16808 0.27313 0.47468 0.08411
0.50401 0.13037 0.26893 0.09670
0.42424 0.09676 0.35291 0.12609
0.09670 0.02118 0.86101 0.02111
0.07150 0.07577 0.77703 0.07570
0.10929 0.16815 0.58387 0.13869
0.25206 0.35292 0.07997 0.31505
0.13869 0.73924 0.07157 0.05051
0.72657 0.07997 0.13456 0.05890
0.41164 0.18494 0.19334 0.21007
0.28987 0.17655 0.26893 0.26466
0.18068 0.38650 0.15555 0.27727
0.23527 0.34452 0.26473 0.15548
0.28987 0.25633 0.28572 0.16808
0.22267 0.34032 0.24373 0.19328

>ZNF407 ZNF407_GHTS_GHTS
0.22436 0.17628 0.45192 0.14423
0.06410 0.45833 0.28526 0.18910
0.10897 0.15385 0.29167 0.44231
0.96795 0.00962 0.01603 0.00321
0.00962 0.84615 0.00641 0.13462
0.01282 0.00641 0.96154 0.01603
0.00641 0.00321 0.97436 0.01282
0.39744 0.13141 0.13141 0.33654
0.33654 0.00641 0.55449 0.09936
0.14423 0.08654 0.71154 0.05449
0.01923 0.72756 0.16346 0.08654
0.02244 0.65705 0.12821 0.18910
0.02885 0.32051 0.52885 0.11859
0.40385 0.08974 0.33013 0.17308
0.13141 0.26603 0.50321 0.09615
0.50000 0.10897 0.29808 0.08974
0.37500 0.08654 0.30769 0.22756
0.08013 0.03205 0.85897 0.02244
0.07692 0.06731 0.75641 0.09295
0.12500 0.16346 0.49038 0.21474
0.22756 0.30769 0.14744 0.31090
0.16026 0.63141 0.14744 0.05449
0.63141 0.08333 0.13462 0.14423
0.36218 0.14744 0.28526 0.19872
0.29808 0.16346 0.30128 0.23077
0.16026 0.35256 0.16026 0.32051
0.19872 0.30449 0.33013 0.16026
0.26282 0.22115 0.33654 0.17628
0.20192 0.30449 0.24359 0.24679
0.19551 0.23077 0.37500 0.19551

