>CAMTA1 CAMTA1_CHS_CHS
0.06072 0.50450 0.31418 0.12060
0.65204 0.00009 0.23179 0.11608
0.07884 0.87157 0.02726 0.02233
0.00004 0.00702 0.01819 0.97476
0.02919 0.00009 0.96376 0.00697
0.00942 0.97588 0.00600 0.00870
0.25981 0.00875 0.73140 0.00004
0.03265 0.09199 0.77716 0.09819
0.22266 0.64885 0.06141 0.06709
0.37005 0.08787 0.33269 0.20940

>CAMTA1 CAMTA1_CHS_GHTS
0.09315 0.47848 0.27824 0.15013
0.10643 0.10769 0.72955 0.05633
0.04088 0.70424 0.19159 0.06329
0.64246 0.04187 0.23820 0.07747
0.05341 0.77335 0.06879 0.10445
0.01081 0.02412 0.00794 0.95713
0.02669 0.01232 0.95844 0.00255
0.01781 0.97025 0.01191 0.00004
0.33488 0.02070 0.63505 0.00937
0.02891 0.03798 0.88815 0.04496

>CAMTA1 CAMTA1_GHTS_CHS
0.17522 0.37683 0.25000 0.19795
0.24853 0.40543 0.18548 0.16056
0.31085 0.33065 0.13636 0.22214
0.29032 0.32698 0.25147 0.13123
0.25293 0.41862 0.08358 0.24487
0.29472 0.32331 0.20674 0.17522
0.16862 0.49633 0.09751 0.23754
0.36510 0.22067 0.07991 0.33431
0.16642 0.29619 0.35337 0.18402
0.26173 0.51979 0.17815 0.04032
0.03959 0.53152 0.00367 0.42522
0.06158 0.02419 0.85997 0.05425
0.01026 0.96994 0.00953 0.01026
0.96481 0.01613 0.00880 0.01026
0.22287 0.34604 0.20235 0.22874
0.13783 0.09751 0.00953 0.75513
0.11144 0.13416 0.74120 0.01320
0.15323 0.76760 0.04032 0.03886
0.43109 0.20968 0.32698 0.03226
0.21114 0.22947 0.46921 0.09018
0.18915 0.54399 0.06965 0.19721
0.36877 0.30279 0.22214 0.10630
0.21114 0.32845 0.18622 0.27419
0.32991 0.28006 0.18842 0.20161
0.14223 0.54839 0.13490 0.17449
0.46041 0.17742 0.18988 0.17229
0.11070 0.57698 0.14589 0.16642
0.36364 0.30132 0.17302 0.16202
0.18842 0.33284 0.19135 0.28739
0.28739 0.47214 0.12903 0.11144

>CAMTA1 CAMTA1_GHTS_GHTS
0.39556 0.30963 0.13407 0.16000
0.16296 0.41407 0.20222 0.22000
0.38444 0.18815 0.26741 0.15926
0.20370 0.39111 0.18889 0.21556
0.25333 0.34889 0.21704 0.18000
0.32444 0.32296 0.21852 0.13333
0.28889 0.42519 0.14222 0.14296
0.22370 0.41852 0.12593 0.23111
0.32074 0.22519 0.32370 0.12963
0.17704 0.67407 0.09333 0.05481
0.11926 0.39111 0.05407 0.43481
0.15259 0.10148 0.69852 0.04667
0.09778 0.83481 0.03704 0.02963
0.77630 0.18889 0.01926 0.01481
0.46074 0.32815 0.06444 0.14593
0.00667 0.04519 0.01037 0.93630
0.07630 0.03556 0.88000 0.00667
0.03407 0.94889 0.00593 0.00963
0.50444 0.03111 0.43778 0.02519
0.04815 0.39630 0.47037 0.08370
0.36519 0.43407 0.04667 0.15185
0.38370 0.30148 0.14148 0.17111
0.37926 0.18963 0.20222 0.22667
0.28222 0.41259 0.15259 0.15037
0.33111 0.25778 0.24815 0.16074
0.16963 0.44667 0.17259 0.20963
0.26741 0.27185 0.29556 0.16370
0.24889 0.33185 0.25704 0.16074
0.30889 0.40074 0.14963 0.13926
0.31704 0.37556 0.18148 0.12444

>LEUTX LEUTX_CHS_CHS
0.01313 0.00137 0.00003 0.98547
0.99250 0.00003 0.00745 0.00002
0.97496 0.00003 0.02297 0.00205
0.00002 0.00003 0.00610 0.99385
0.00407 0.86002 0.00137 0.13453
0.00272 0.83055 0.02229 0.14443
0.14893 0.64726 0.06688 0.13692
0.47786 0.20817 0.15968 0.15429
0.14693 0.17785 0.49314 0.18207
0.14547 0.50726 0.16596 0.18131
0.43060 0.21341 0.16702 0.18897
0.16687 0.47365 0.16344 0.19603

>LEUTX LEUTX_CHS_GHTS
0.08034 0.03492 0.78498 0.09976
0.12223 0.01204 0.86567 0.00006
0.10189 0.00549 0.89212 0.00049
0.99026 0.00007 0.00007 0.00961
0.00285 0.04483 0.00007 0.95225
0.00006 0.01363 0.00745 0.97885
0.99980 0.00007 0.00007 0.00006
0.18642 0.43515 0.15694 0.22149

>LEUTX LEUTX_GHTS_CHS
0.07754 0.15382 0.29395 0.47469
0.41941 0.04678 0.15443 0.37938
0.00071 0.00112 0.00067 0.99749
0.99911 0.00002 0.00002 0.00086
0.99464 0.00002 0.00525 0.00009
0.00003 0.00198 0.00002 0.99797
0.00226 0.99049 0.00094 0.00631
0.00161 0.89027 0.00067 0.10744
0.19774 0.59650 0.04119 0.16457
0.36174 0.28221 0.06998 0.28606

>LEUTX LEUTX_GHTS_GHTS
0.21867 0.02174 0.52559 0.23400
0.07795 0.00001 0.92202 0.00002
0.00002 0.00001 0.99957 0.00040
0.99882 0.00039 0.00077 0.00002
0.00002 0.00077 0.00001 0.99920
0.00040 0.00001 0.00001 0.99958
0.99996 0.00001 0.00001 0.00002
0.44519 0.12500 0.05827 0.37154
0.41425 0.25911 0.20266 0.12398
0.21737 0.06511 0.29743 0.42008
0.17686 0.12016 0.41548 0.28750
0.25866 0.23103 0.25358 0.25673
0.32846 0.13659 0.34023 0.19472
0.21411 0.12868 0.18579 0.47142

>MYF6 MYF6_CHS_CHS
0.21724 0.28489 0.29795 0.19992
0.22061 0.20924 0.35267 0.21748
0.22811 0.19880 0.40809 0.16501
0.23869 0.27699 0.30572 0.17861
0.29605 0.18134 0.38340 0.13921
0.28120 0.12293 0.47509 0.12079
0.24452 0.25319 0.29300 0.20929
0.46689 0.08588 0.38683 0.06039
0.49757 0.04990 0.45252 0.00000
0.00000 0.99855 0.00000 0.00145
0.96707 0.00000 0.03293 0.00000
0.01772 0.02142 0.94405 0.01681
0.03587 0.57791 0.36410 0.02211
0.01997 0.05188 0.01430 0.91385
0.00616 0.00391 0.98993 0.00000
0.08197 0.37944 0.25855 0.28004
0.21732 0.24982 0.28323 0.24963
0.26203 0.18070 0.34648 0.21079
0.20613 0.26128 0.35776 0.17483
0.21245 0.28170 0.31209 0.19376
0.24195 0.21606 0.35374 0.18825
0.24945 0.26799 0.31659 0.16598
0.24388 0.25830 0.28692 0.21090
0.22321 0.24165 0.35123 0.18391

>MYF6 MYF6_CHS_GHTS
0.50082 0.04594 0.43930 0.01394
0.62673 0.02172 0.35154 0.00001
0.00001 0.99999 0.00001 0.00001
0.99712 0.00001 0.00287 0.00001
0.01968 0.03279 0.93513 0.01240
0.02478 0.55273 0.39701 0.02548
0.00001 0.01699 0.00001 0.98300
0.00001 0.00001 0.99999 0.00001

>MYF6 MYF6_GHTS_CHS
0.21795 0.29273 0.25940 0.22991
0.23034 0.29744 0.27649 0.19573
0.17222 0.30427 0.29145 0.23205
0.18590 0.29316 0.27906 0.24188
0.16753 0.35085 0.24487 0.23675
0.19188 0.35128 0.24445 0.21239
0.19787 0.31752 0.23248 0.25213
0.19615 0.30427 0.25641 0.24316
0.22051 0.35384 0.21624 0.20940
0.26709 0.24487 0.27564 0.21239
0.20128 0.20214 0.39358 0.20299
0.16923 0.26966 0.30000 0.26111
0.43417 0.09702 0.40597 0.06283
0.52220 0.07480 0.15385 0.24914
0.00172 0.99825 0.00002 0.00001
0.99653 0.00002 0.00173 0.00172
0.09744 0.42435 0.46623 0.01198
0.00642 0.94782 0.03292 0.01283
0.00001 0.00344 0.00130 0.99525
0.00001 0.00130 0.99739 0.00130
0.05557 0.10172 0.00899 0.83372
0.00001 0.31111 0.01369 0.67519
0.22009 0.39999 0.25171 0.12821
0.13163 0.42777 0.08634 0.35427
0.13248 0.36153 0.21582 0.29017
0.18334 0.32393 0.18847 0.30427
0.21752 0.32179 0.24530 0.21538
0.20427 0.32607 0.23590 0.23376
0.17351 0.36965 0.26410 0.19274
0.17949 0.35812 0.20342 0.25897

>MYF6 MYF6_GHTS_GHTS
0.23791 0.19666 0.30014 0.26529
0.24360 0.17852 0.41714 0.16074
0.30156 0.09993 0.38087 0.21764
0.11842 0.20875 0.45235 0.22048
0.68385 0.02845 0.25000 0.03770
0.83357 0.00782 0.11166 0.04694
0.00036 0.99716 0.00178 0.00071
0.99502 0.00071 0.00356 0.00071
0.00782 0.02774 0.91358 0.05085
0.00498 0.42425 0.47404 0.09673
0.00107 0.00107 0.00107 0.99680
0.00107 0.00107 0.99680 0.00107
0.25036 0.10242 0.07041 0.57681
0.03378 0.43670 0.14865 0.38087
0.26351 0.26814 0.25996 0.20839
0.15612 0.39011 0.23222 0.22155
0.18030 0.27809 0.22866 0.31294
0.16892 0.22760 0.36202 0.24147
0.23649 0.26920 0.25142 0.24289
0.20413 0.26636 0.31437 0.21515
0.17461 0.26814 0.31259 0.24467
0.20519 0.22262 0.37909 0.19310
0.20804 0.24893 0.26600 0.27703
0.18065 0.26529 0.35704 0.19701
0.15896 0.32290 0.27027 0.24787
0.22084 0.24609 0.30690 0.22617
0.19950 0.26209 0.29623 0.24218
0.20697 0.23649 0.36238 0.19417
0.19310 0.25000 0.29872 0.25818
0.21373 0.25533 0.32859 0.20235

>PRDM13 PRDM13_CHS_CHS
0.39192 0.06647 0.31951 0.22209
0.17160 0.01110 0.81560 0.00170
0.00106 0.99199 0.00546 0.00149
0.56472 0.01888 0.12891 0.28750
0.00864 0.00413 0.98057 0.00665
0.00424 0.00001 0.99490 0.00085
0.00653 0.00043 0.00060 0.99244
0.21021 0.06674 0.65729 0.06577
0.08760 0.28356 0.43631 0.19253
0.13432 0.47573 0.21367 0.17628
0.22082 0.24595 0.29499 0.23824
0.19709 0.21460 0.49023 0.09807

>PRDM13 PRDM13_CHS_GHTS
0.19822 0.18003 0.49416 0.12759
0.22366 0.42481 0.26825 0.08328
0.07064 0.63105 0.07147 0.22684
0.99924 0.00002 0.00073 0.00001
0.00698 0.98676 0.00002 0.00624
0.00960 0.96020 0.01526 0.01494
0.26132 0.14197 0.00919 0.58752
0.00184 0.00234 0.99411 0.00172
0.01095 0.77561 0.00340 0.21005
0.24682 0.31781 0.04782 0.38755

>PRDM13 PRDM13_GHTS_CHS
0.09045 0.40277 0.32110 0.18568
0.55586 0.00814 0.26225 0.17375
0.11950 0.00007 0.88039 0.00005
0.00005 0.99500 0.00330 0.00166
0.81387 0.00007 0.03720 0.14886
0.00005 0.00007 0.99984 0.00005
0.00005 0.00007 0.99984 0.00005
0.00973 0.00007 0.00007 0.99013
0.03071 0.00007 0.96110 0.00812
0.06855 0.02429 0.82802 0.07915
0.03233 0.59483 0.19190 0.18095
0.35586 0.36244 0.14377 0.13793
0.28935 0.15966 0.30166 0.24934
0.17733 0.13568 0.42763 0.25936
0.19281 0.16957 0.51489 0.12273
0.21218 0.24685 0.36268 0.17830

>PRDM13 PRDM13_GHTS_GHTS
0.55718 0.00468 0.23369 0.20446
0.19524 0.00007 0.80465 0.00004
0.00927 0.98909 0.00007 0.00158
0.77543 0.00007 0.01851 0.20599
0.00465 0.00007 0.99523 0.00004
0.00004 0.00007 0.99831 0.00158
0.00927 0.00007 0.00007 0.99060
0.01080 0.00007 0.98448 0.00465
0.06614 0.01083 0.86612 0.05691
0.04308 0.63394 0.16299 0.15999
0.37660 0.40440 0.12456 0.09444
0.26749 0.19534 0.26814 0.26904
0.18756 0.12674 0.42584 0.25986
0.20601 0.12366 0.54580 0.12454
0.20292 0.27836 0.35665 0.16207
0.35366 0.21524 0.24048 0.19062
0.17219 0.20756 0.43885 0.18141
0.21522 0.28912 0.35729 0.13837

>SALL3 SALL3_CHS_CHS
0.08624 0.05505 0.02018 0.83853
0.37615 0.07890 0.10275 0.44220
0.22752 0.17248 0.04587 0.55413
0.28991 0.03303 0.10642 0.57064
0.43486 0.06789 0.11743 0.37982
0.71193 0.05688 0.02936 0.20183
0.65505 0.01284 0.05872 0.27339
0.11376 0.01101 0.02385 0.85138
0.86422 0.01651 0.01284 0.10642
0.07706 0.00734 0.00734 0.90826
0.08624 0.05505 0.17982 0.67890
0.59450 0.03670 0.01468 0.35413
0.73394 0.03670 0.01835 0.21101
0.22569 0.03670 0.04954 0.68807
0.58899 0.01468 0.00734 0.38899
0.12294 0.01101 0.05872 0.80734
0.28257 0.06055 0.09725 0.55963
0.59450 0.06972 0.01835 0.31743
0.69174 0.05872 0.05505 0.19450
0.22752 0.01284 0.04404 0.71560
0.55413 0.01651 0.06606 0.36330
0.34128 0.02385 0.01284 0.62202
0.11927 0.27156 0.03119 0.57798
0.45872 0.01835 0.02018 0.50275
0.37982 0.16514 0.05505 0.40000
0.44037 0.02936 0.01651 0.51376
0.26422 0.04587 0.09725 0.59266
0.45138 0.05138 0.04587 0.45138
0.11009 0.04037 0.09908 0.75046
0.22385 0.09908 0.09725 0.57982

>SALL3 SALL3_CHS_GHTS
0.97337 0.01291 0.00012 0.01360
0.01360 0.00012 0.00012 0.98617
0.03919 0.00012 0.03850 0.92220
0.96058 0.03850 0.00012 0.00081
0.88382 0.00012 0.02570 0.09036
0.05198 0.01291 0.00012 0.93499
0.79407 0.10265 0.00012 0.10315
0.10315 0.00012 0.00012 0.89661
0.02639 0.00012 0.05129 0.92220
0.83265 0.02570 0.03850 0.10315
0.89661 0.02570 0.00012 0.07757
0.01360 0.05129 0.00012 0.93499
0.76866 0.00012 0.05129 0.17993
0.15433 0.05129 0.00012 0.79426
0.11595 0.00012 0.01291 0.87103
0.84544 0.02570 0.00012 0.12874
0.69192 0.07688 0.01291 0.21829
0.21829 0.03850 0.05129 0.69192
0.34625 0.02570 0.03850 0.58955
0.70469 0.03850 0.00012 0.25669
0.05198 0.06408 0.06408 0.81985
0.10317 0.08967 0.02570 0.78145
0.75570 0.00012 0.10265 0.14153
0.33343 0.06408 0.15369 0.44879

>SALL3 SALL3_GHTS_CHS
0.40138 0.05734 0.06422 0.47477
0.32913 0.09060 0.26032 0.31766
0.50688 0.05390 0.14679 0.29014
0.26147 0.10550 0.06766 0.56307
0.38647 0.12844 0.23050 0.25229
0.61009 0.11468 0.07683 0.19610
0.20528 0.06193 0.08142 0.64908
0.56651 0.04931 0.16858 0.21330
0.51147 0.07913 0.09404 0.31307
0.25115 0.11239 0.11812 0.51606
0.31881 0.14335 0.14564 0.38991
0.55390 0.09862 0.10092 0.24427
0.32225 0.06307 0.06422 0.54817
0.23968 0.03670 0.14220 0.57913
0.45298 0.07798 0.19151 0.27523
0.29128 0.02179 0.09060 0.59404
0.09289 0.09977 0.19495 0.61009
0.67546 0.13876 0.12844 0.05505
0.52294 0.03211 0.04014 0.40252
0.31881 0.05505 0.24771 0.37615
0.76261 0.01261 0.05275 0.16972
0.09748 0.02982 0.07339 0.79702
0.36812 0.03440 0.03440 0.55963
0.30046 0.53670 0.08716 0.07110
0.76376 0.00803 0.04931 0.17431
0.01720 0.02408 0.09862 0.85665
0.91284 0.01261 0.03211 0.03899
0.25229 0.01147 0.05390 0.67890
0.00917 0.10092 0.07569 0.81078
0.28211 0.13417 0.05390 0.52638

>SALL3 SALL3_GHTS_GHTS
0.20343 0.03086 0.05829 0.70514
0.34971 0.07771 0.34971 0.22057
0.47886 0.01143 0.17371 0.33371
0.17714 0.13943 0.13257 0.54857
0.59657 0.00914 0.25257 0.13943
0.58971 0.01143 0.15657 0.24000
0.18857 0.10857 0.04000 0.66057
0.14171 0.05257 0.13829 0.66514
0.47771 0.40571 0.08800 0.02629
0.49257 0.02857 0.02057 0.45600
0.03429 0.01829 0.41943 0.52571
0.84571 0.04457 0.05143 0.05600
0.31200 0.02629 0.03771 0.62171
0.02171 0.26971 0.15086 0.55543
0.49600 0.03314 0.22971 0.23886
0.05943 0.15314 0.02286 0.76229
0.30857 0.04914 0.35086 0.28914
0.41143 0.13257 0.19314 0.26057
0.18286 0.20800 0.11086 0.49600
0.28914 0.03086 0.15886 0.51886
0.59429 0.09714 0.06514 0.24114
0.25486 0.15657 0.04800 0.53829
0.13257 0.04343 0.31657 0.50514
0.44229 0.29714 0.18514 0.07314
0.51429 0.07086 0.03543 0.37714
0.12457 0.16114 0.19543 0.51771
0.51771 0.06514 0.07200 0.34400
0.25486 0.16914 0.04571 0.52914
0.09486 0.41143 0.13486 0.35771
0.42400 0.13257 0.16114 0.28114

>USF3 USF3_CHS_CHS
0.23740 0.26810 0.35343 0.14107
0.15335 0.47870 0.27760 0.09035
0.08080 0.69978 0.09305 0.12638
0.02880 0.96834 0.00283 0.00002
0.92669 0.00004 0.04646 0.02682
0.00002 0.99194 0.00004 0.00801
0.00801 0.00004 0.99194 0.00002
0.02682 0.04646 0.00004 0.92669
0.00002 0.00283 0.96834 0.02880
0.12638 0.09305 0.69978 0.08080
0.09035 0.27760 0.47870 0.15335
0.14107 0.35343 0.26810 0.23740

>USF3 USF3_CHS_GHTS
0.06063 0.81193 0.04432 0.08311
0.01234 0.98280 0.00238 0.00248
0.94818 0.00008 0.02697 0.02477
0.00411 0.97910 0.00556 0.01123
0.01123 0.00556 0.97910 0.00411
0.02477 0.02697 0.00008 0.94818
0.00248 0.00238 0.98280 0.01234
0.08311 0.04432 0.81193 0.06063

>USF3 USF3_GHTS_CHS
0.22754 0.18152 0.46142 0.12952
0.31206 0.40373 0.27347 0.01075
0.04163 0.76927 0.00738 0.18172
0.00002 0.99995 0.00002 0.00002
0.99967 0.00002 0.00029 0.00002
0.00002 0.99995 0.00002 0.00002
0.00002 0.00002 0.99995 0.00002
0.00002 0.00029 0.00002 0.99967
0.00002 0.00002 0.99995 0.00002
0.18172 0.00738 0.76927 0.04163
0.01075 0.27347 0.40373 0.31206
0.12952 0.46142 0.18152 0.22754

>USF3 USF3_GHTS_GHTS
0.21549 0.30769 0.33156 0.14526
0.35864 0.59715 0.04419 0.00001
0.00001 0.99372 0.00002 0.00625
0.00001 0.99996 0.00002 0.00001
0.99950 0.00002 0.00047 0.00001
0.00001 0.99996 0.00002 0.00001
0.00224 0.00002 0.99773 0.00001
0.00001 0.00002 0.00002 0.99995
0.00001 0.00002 0.99996 0.00001
0.31810 0.02177 0.58310 0.07703
0.01445 0.49498 0.23316 0.25741
0.12017 0.56769 0.10336 0.20877
0.21291 0.36162 0.10065 0.32481
0.20617 0.28817 0.27520 0.23047
0.23591 0.29635 0.26983 0.19790

>ZBED2 ZBED2_CHS_CHS
0.37958 0.31033 0.13963 0.17047
0.05149 0.93904 0.00396 0.00551
0.00008 0.00555 0.99157 0.00280
0.99697 0.00012 0.00012 0.00280
0.99425 0.00012 0.00283 0.00280
0.65119 0.24355 0.04745 0.05782
0.00823 0.96327 0.02298 0.00551
0.03269 0.43110 0.00555 0.53066
0.18448 0.20210 0.44731 0.16611
0.22544 0.34285 0.33019 0.10151

>ZBED2 ZBED2_CHS_GHTS
0.17760 0.40526 0.18594 0.23120
0.24849 0.44221 0.13653 0.17277
0.07706 0.92276 0.00011 0.00007
0.00007 0.00011 0.99975 0.00007
0.99971 0.00011 0.00011 0.00007
0.99971 0.00011 0.00011 0.00007
0.59321 0.30603 0.02940 0.07136
0.00260 0.95180 0.04554 0.00007
0.00764 0.54938 0.00263 0.44034
0.19830 0.17396 0.41276 0.21498

>ZBED2 ZBED2_GHTS_CHS
0.46240 0.21118 0.09402 0.23240
0.00155 0.99514 0.00176 0.00155
0.00155 0.04768 0.94922 0.00155
0.85718 0.00176 0.00176 0.13929
0.99492 0.00176 0.00176 0.00155
0.85718 0.04768 0.00176 0.09338
0.00155 0.94922 0.00176 0.04746
0.00155 0.62633 0.00176 0.37036

>ZBED2 ZBED2_GHTS_GHTS
0.17078 0.72474 0.10331 0.00117
0.03509 0.96246 0.00128 0.00117
0.00117 0.00128 0.99638 0.00117
0.99627 0.00128 0.00128 0.00117
0.99627 0.00128 0.00128 0.00117
0.44242 0.48729 0.06912 0.00117
0.00117 0.99638 0.00128 0.00117
0.00117 0.79259 0.00128 0.20497
0.37457 0.00128 0.24405 0.38010
0.69098 0.17089 0.03520 0.10293
0.82667 0.06912 0.06912 0.03509
0.06901 0.62298 0.23900 0.06901

>ZBED5 ZBED5_CHS_CHS
0.16862 0.27482 0.31655 0.23990
0.16604 0.24212 0.37845 0.21329
0.13978 0.24558 0.42332 0.19121
0.16269 0.20106 0.31253 0.32362
0.16129 0.17259 0.43390 0.23211
0.13989 0.40316 0.27420 0.18265
0.12328 0.38546 0.20947 0.28168
0.10187 0.50116 0.13679 0.26007
0.11136 0.48863 0.14659 0.25331
0.27364 0.28287 0.28540 0.15799
0.20199 0.22278 0.31975 0.25538
0.04776 0.00882 0.92825 0.01506
0.03420 0.01640 0.90674 0.04255
0.56677 0.26409 0.09470 0.07433
0.91701 0.03007 0.02646 0.02636
0.01810 0.93418 0.02388 0.02373
0.17594 0.78037 0.01950 0.02409
0.04539 0.81699 0.06231 0.07521
0.24877 0.32532 0.13287 0.29293
0.18760 0.24625 0.37205 0.19400
0.17372 0.19621 0.33672 0.29324
0.12983 0.27214 0.25956 0.33837
0.11750 0.23413 0.23392 0.41435
0.13133 0.22551 0.39619 0.24687
0.23433 0.23536 0.37118 0.15902
0.22938 0.20864 0.38650 0.17538
0.33198 0.23954 0.28689 0.14149
0.39841 0.26724 0.19503 0.13922
0.28571 0.32805 0.22412 0.16202
0.17460 0.40300 0.22886 0.19348

>ZBED5 ZBED5_CHS_GHTS
0.11318 0.49481 0.14667 0.24534
0.12483 0.49958 0.16678 0.20880
0.29798 0.28532 0.28302 0.13368
0.22064 0.24858 0.28665 0.24413
0.02126 0.00325 0.95136 0.02413
0.01280 0.01420 0.92984 0.04316
0.51760 0.30785 0.11045 0.06410
0.94525 0.00312 0.02725 0.02438
0.01770 0.94525 0.01967 0.01738
0.09008 0.87134 0.01496 0.02362
0.04202 0.87504 0.02305 0.05990
0.16519 0.40060 0.10529 0.32892
0.22789 0.20161 0.34324 0.22726
0.16818 0.23140 0.41021 0.19021
0.16717 0.29314 0.30097 0.23872
0.15214 0.28410 0.28741 0.27634
0.16010 0.24247 0.33917 0.25826
0.17958 0.27029 0.39735 0.15278
0.24687 0.25590 0.31256 0.18467
0.24005 0.28856 0.32160 0.14979
0.29200 0.31192 0.22993 0.16615
0.26380 0.30651 0.26488 0.16481
0.19728 0.35075 0.26061 0.19135
0.20122 0.32905 0.27112 0.19861

>ZBED5 ZBED5_GHTS_CHS
0.01331 0.00061 0.98576 0.00032
0.00032 0.00061 0.89479 0.10427
0.00032 0.00061 0.99874 0.00032
0.00032 0.00061 0.00061 0.99845
0.00032 0.00061 0.36439 0.63467
0.01331 0.98576 0.00061 0.00032
0.00032 0.98576 0.00061 0.01331
0.01331 0.05258 0.89485 0.03926
0.03926 0.36574 0.17827 0.41673
0.05224 0.03955 0.88192 0.02628
0.09118 0.03955 0.73909 0.13018
0.42541 0.26190 0.24730 0.06538

>ZBED5 ZBED5_GHTS_GHTS
0.12022 0.27869 0.27322 0.32787
0.28962 0.09836 0.39344 0.21858
0.31148 0.02186 0.59016 0.07650
0.02186 0.01639 0.79235 0.16940
0.03279 0.05464 0.84699 0.06557
0.12568 0.01093 0.83607 0.02732
0.03825 0.05464 0.03279 0.87432
0.08197 0.01639 0.49180 0.40984
0.14754 0.67213 0.10383 0.07650
0.02186 0.82514 0.06557 0.08743
0.09836 0.01093 0.82514 0.06557
0.07104 0.32787 0.33880 0.26230
0.14754 0.05464 0.59563 0.20219
0.06011 0.08197 0.76503 0.09290
0.41530 0.18579 0.33880 0.06011
0.34973 0.15301 0.19126 0.30601
0.07650 0.39891 0.47541 0.04918
0.21858 0.28415 0.41530 0.08197
0.13661 0.24590 0.23497 0.38251
0.07104 0.27322 0.48087 0.17486
0.12568 0.25137 0.42077 0.20219
0.13661 0.25137 0.31148 0.30055
0.13115 0.16940 0.53005 0.16940
0.08197 0.18033 0.57923 0.15847
0.09290 0.16940 0.38251 0.35519
0.20765 0.16393 0.51366 0.11475
0.27322 0.11475 0.45902 0.15301
0.16393 0.20219 0.37158 0.26230
0.19672 0.18579 0.45902 0.15847
0.24590 0.22951 0.35519 0.16940

>ZNF20 ZNF20_CHS_CHS
0.69545 0.10204 0.07064 0.13187
0.04710 0.11146 0.82575 0.01570
0.01413 0.03140 0.03454 0.91994
0.77708 0.11303 0.09419 0.01570
0.01570 0.90424 0.01413 0.06593
0.47410 0.05965 0.08477 0.38148
0.01727 0.85714 0.01099 0.11460
0.18210 0.03454 0.09890 0.68446
0.04710 0.83673 0.09576 0.02041
0.04082 0.83203 0.03454 0.09262
0.39717 0.13815 0.06436 0.40031
0.18524 0.49608 0.25589 0.06279
0.44584 0.26060 0.12088 0.17268
0.24647 0.20722 0.40188 0.14443
0.58556 0.08006 0.19152 0.14286
0.18053 0.11617 0.63736 0.06593
0.15228 0.26217 0.21507 0.37049
0.23077 0.16484 0.48509 0.11931
0.27316 0.23077 0.36735 0.12873
0.20094 0.16484 0.50392 0.13030
0.43328 0.22292 0.21978 0.12402
0.16170 0.21507 0.45840 0.16484
0.18681 0.29827 0.26688 0.24804
0.29513 0.16797 0.38619 0.15071
0.18210 0.12716 0.57300 0.11774
0.13972 0.17896 0.60754 0.07378
0.09890 0.42229 0.28100 0.19780
0.13030 0.25275 0.30141 0.31554
0.18053 0.26060 0.32496 0.23391
0.21821 0.27630 0.31711 0.18838

>ZNF20 ZNF20_CHS_GHTS
0.25118 0.32339 0.26531 0.16013
0.31397 0.29984 0.25589 0.13030
0.17111 0.27473 0.43642 0.11774
0.08634 0.59027 0.17739 0.14600
0.12873 0.54317 0.15385 0.17425
0.14443 0.38932 0.16954 0.29670
0.24647 0.25275 0.32496 0.17582
0.16013 0.47567 0.21507 0.14914
0.12716 0.24176 0.21350 0.41758
0.15071 0.48980 0.17111 0.18838
0.12873 0.41758 0.20722 0.24647
0.12559 0.48195 0.17896 0.21350
0.39089 0.21350 0.23862 0.15699
0.07692 0.62480 0.11303 0.18524
0.11931 0.19309 0.08634 0.60126
0.14129 0.40816 0.19309 0.25746
0.16327 0.14286 0.21664 0.47724
0.07064 0.22606 0.51648 0.18681
0.39403 0.09419 0.11931 0.39246
0.08477 0.03297 0.84458 0.03768
0.02198 0.10047 0.83203 0.04553
0.68289 0.11931 0.04239 0.15542
0.12245 0.01570 0.84772 0.01413
0.39874 0.10047 0.04710 0.45369
0.07064 0.02355 0.88383 0.02198
0.01570 0.08163 0.09890 0.80377
0.91052 0.03454 0.03925 0.01570
0.01099 0.85557 0.08634 0.04710
0.13815 0.06593 0.09419 0.70173
0.11146 0.13187 0.23862 0.51805

>ZNF20 ZNF20_GHTS_CHS
0.00878 0.02371 0.00966 0.95786
0.90957 0.01580 0.06409 0.01054
0.00790 0.90342 0.01317 0.07550
0.36787 0.04039 0.12116 0.47059
0.00527 0.85514 0.00878 0.13082
0.17208 0.01844 0.10975 0.69974
0.01932 0.88762 0.08077 0.01229
0.02107 0.89201 0.01756 0.06936
0.29675 0.06673 0.07112 0.56541
0.24320 0.49166 0.19579 0.06936
0.45215 0.21949 0.09394 0.23442
0.28885 0.13784 0.36699 0.20632
0.65320 0.09043 0.14047 0.11589
0.20983 0.13082 0.58033 0.07902
0.17647 0.22300 0.20983 0.39069
0.24583 0.20720 0.39157 0.15540
0.24671 0.21861 0.36348 0.17120
0.22739 0.20983 0.36699 0.19579
0.35382 0.20720 0.24583 0.19315
0.21071 0.18788 0.38455 0.21686
0.19491 0.28446 0.27744 0.24320
0.24934 0.16418 0.37665 0.20983
0.19579 0.17471 0.44162 0.18788
0.18964 0.20369 0.43810 0.16857
0.18701 0.38455 0.23266 0.19579
0.16681 0.22739 0.24759 0.35821
0.18613 0.27217 0.29675 0.24495
0.26339 0.23178 0.28709 0.21773
0.28885 0.23617 0.23793 0.23705
0.19403 0.19754 0.34504 0.26339

>ZNF20 ZNF20_GHTS_GHTS
0.25022 0.28709 0.27656 0.18613
0.35470 0.25285 0.22651 0.16594
0.19315 0.23793 0.37928 0.18964
0.17032 0.43547 0.20105 0.19315
0.19227 0.43986 0.16945 0.19842
0.21071 0.36523 0.16857 0.25549
0.23968 0.28007 0.28358 0.19666
0.21247 0.38806 0.17998 0.21949
0.19403 0.24846 0.20632 0.35119
0.18525 0.38191 0.20105 0.23178
0.17208 0.36435 0.21686 0.24671
0.15364 0.38718 0.21247 0.24671
0.39069 0.21071 0.21861 0.17998
0.08165 0.57331 0.13433 0.21071
0.11326 0.15277 0.08692 0.64706
0.20983 0.36787 0.13082 0.29148
0.23003 0.09921 0.20983 0.46093
0.07375 0.19491 0.48903 0.24232
0.56365 0.06321 0.07024 0.30290
0.06673 0.01668 0.89640 0.02019
0.01317 0.08604 0.88147 0.01932
0.69622 0.11150 0.01668 0.17559
0.13433 0.00966 0.85162 0.00439
0.47059 0.12291 0.03600 0.37050
0.07550 0.00878 0.90518 0.01054
0.00702 0.06497 0.01580 0.91220
0.96049 0.01054 0.02107 0.00790
0.00439 0.96576 0.00878 0.02107
0.22125 0.04478 0.04390 0.69008
0.10184 0.12730 0.21247 0.55838

>ZNF251 ZNF251_CHS_CHS
0.15506 0.14429 0.51791 0.18274
0.30661 0.30123 0.16195 0.23021
0.17472 0.41896 0.19564 0.21067
0.14416 0.15531 0.18888 0.51165
0.13590 0.16984 0.48359 0.21067
0.18174 0.14654 0.53006 0.14166
0.11398 0.49612 0.20967 0.18024
0.13965 0.23597 0.13302 0.49136
0.11786 0.17548 0.13464 0.57202
0.26290 0.30198 0.21005 0.22508
0.08943 0.10972 0.12224 0.67861
0.09619 0.12174 0.11473 0.66733
0.05774 0.04647 0.32753 0.56826
0.03920 0.83705 0.07177 0.05198
0.72094 0.08016 0.12212 0.07678
0.02906 0.69414 0.19577 0.08104
0.02568 0.03006 0.03332 0.91095
0.09444 0.08793 0.14629 0.67134
0.86598 0.01428 0.09106 0.02868
0.32703 0.02768 0.62149 0.02380
0.02004 0.93136 0.01227 0.03632
0.51453 0.05085 0.38552 0.04910
0.08717 0.56475 0.06275 0.28532
0.43675 0.23585 0.13677 0.19063
0.29271 0.16771 0.32152 0.21806
0.12513 0.08041 0.06926 0.72520
0.21105 0.15205 0.38840 0.24850
0.13389 0.18124 0.17735 0.50752
0.10346 0.63590 0.06713 0.19351
0.20566 0.35333 0.07039 0.37062

>ZNF251 ZNF251_CHS_GHTS
0.11398 0.49612 0.20967 0.18024
0.13965 0.23597 0.13302 0.49136
0.11786 0.17548 0.13464 0.57202
0.26290 0.30198 0.21005 0.22508
0.08943 0.10972 0.12224 0.67861
0.09619 0.12174 0.11473 0.66733
0.05774 0.04647 0.32753 0.56826
0.03920 0.83705 0.07177 0.05198
0.72094 0.08016 0.12212 0.07678
0.02906 0.69414 0.19577 0.08104
0.02568 0.03006 0.03332 0.91095
0.09444 0.08793 0.14629 0.67134
0.86598 0.01428 0.09106 0.02868
0.32703 0.02768 0.62149 0.02380
0.02004 0.93136 0.01227 0.03632
0.51453 0.05085 0.38552 0.04910
0.08717 0.56475 0.06275 0.28532
0.43675 0.23585 0.13677 0.19063
0.29271 0.16771 0.32152 0.21806
0.12513 0.08041 0.06926 0.72520
0.21105 0.15205 0.38840 0.24850
0.13389 0.18124 0.17735 0.50752
0.10346 0.63590 0.06713 0.19351
0.20566 0.35333 0.07039 0.37062
0.11335 0.16784 0.19790 0.52092
0.14842 0.40631 0.17285 0.27242
0.30223 0.29284 0.18512 0.21981
0.45215 0.16345 0.18474 0.19965
0.17673 0.21142 0.39917 0.21268
0.20691 0.19552 0.31450 0.28307

>ZNF251 ZNF251_GHTS_CHS
0.01955 0.28088 0.01523 0.68434
0.00034 0.00002 0.99962 0.00002
0.00941 0.60300 0.00295 0.38463
0.00823 0.03211 0.00002 0.95964
0.93209 0.01553 0.04179 0.01058
0.99877 0.00119 0.00002 0.00002
0.03658 0.04981 0.91358 0.00002
0.01117 0.05014 0.01234 0.92635
0.01703 0.00119 0.98175 0.00002
0.81178 0.15509 0.00847 0.02466
0.85090 0.03111 0.06133 0.05667
0.88232 0.02607 0.03594 0.05566

>ZNF251 ZNF251_GHTS_GHTS
0.25047 0.34803 0.18480 0.21670
0.07786 0.05816 0.04644 0.81754
0.08443 0.07411 0.05675 0.78471
0.05488 0.01829 0.19653 0.73030
0.02580 0.92026 0.02017 0.03377
0.86116 0.02861 0.07129 0.03893
0.01126 0.83677 0.09944 0.05253
0.00610 0.00610 0.00375 0.98405
0.03893 0.04268 0.04644 0.87195
0.92120 0.00516 0.04831 0.02533
0.38931 0.00610 0.59475 0.00985
0.00891 0.97420 0.00141 0.01548
0.62805 0.02298 0.32692 0.02205
0.06848 0.52392 0.01970 0.38790
0.50000 0.21998 0.16088 0.11914
0.39165 0.13180 0.29174 0.18480
0.06942 0.03846 0.03987 0.85225
0.21107 0.08865 0.46857 0.23171
0.10788 0.17495 0.12148 0.59568
0.09334 0.61585 0.05019 0.24062
0.22608 0.33818 0.05206 0.38368
0.10929 0.16276 0.12148 0.60647
0.14306 0.41651 0.18527 0.25516
0.37008 0.27205 0.18902 0.16886
0.57129 0.09944 0.16886 0.16041
0.15056 0.15666 0.48499 0.20779
0.23358 0.16041 0.37664 0.22936
0.17777 0.15901 0.10976 0.55347
0.14071 0.24390 0.11445 0.50094
0.13602 0.52439 0.12899 0.21060

>ZNF367 ZNF367_CHS_CHS
0.07172 0.06811 0.69342 0.16676
0.20628 0.38493 0.32958 0.07921
0.05251 0.63265 0.12352 0.19132
0.42170 0.47094 0.00779 0.09957
0.00000 0.00000 0.00000 0.99999
0.00000 0.00000 0.00000 0.99999
0.00000 0.00096 0.00124 0.99780
0.99791 0.00021 0.00187 0.00000
0.98960 0.00690 0.00000 0.00350
0.75367 0.10529 0.03327 0.10777
0.28706 0.20919 0.10135 0.40240
0.37359 0.21222 0.14126 0.27293

>ZNF367 ZNF367_CHS_GHTS
0.40980 0.09634 0.20491 0.28895
0.09350 0.03642 0.11188 0.75820
0.00043 0.00000 0.00415 0.99542
0.00000 0.00000 0.00065 0.99934
0.99999 0.00000 0.00000 0.00000
0.99999 0.00000 0.00000 0.00000
0.99999 0.00000 0.00000 0.00000
0.08395 0.00659 0.48759 0.42187
0.23197 0.11883 0.60626 0.04294
0.07143 0.30416 0.38385 0.24055
0.22552 0.59472 0.07972 0.10004
0.30464 0.38976 0.06511 0.24049

>ZNF367 ZNF367_GHTS_CHS
0.54732 0.10603 0.22606 0.12058
0.07936 0.00791 0.11510 0.79763
0.00003 0.00002 0.00189 0.99807
0.00003 0.00002 0.00002 0.99994
0.99994 0.00002 0.00002 0.00003
0.99994 0.00002 0.00002 0.00003
0.99994 0.00002 0.00002 0.00003
0.08350 0.00002 0.56487 0.35161
0.11762 0.05644 0.80716 0.01879
0.05489 0.21631 0.52660 0.20221
0.31296 0.60991 0.02406 0.05307
0.33499 0.42917 0.03138 0.20446

>ZNF367 ZNF367_GHTS_GHTS
0.21015 0.03522 0.42967 0.32496
0.05581 0.03468 0.58505 0.32447
0.17603 0.56127 0.20906 0.05364
0.01952 0.82934 0.04876 0.10238
0.33471 0.56546 0.00002 0.09981
0.00002 0.00002 0.00002 0.99995
0.00002 0.00002 0.00002 0.99995
0.00002 0.00002 0.00002 0.99995
0.99886 0.00002 0.00110 0.00002
0.99724 0.00272 0.00002 0.00002
0.80173 0.10291 0.01139 0.08397
0.13163 0.20202 0.13176 0.53460
0.20528 0.27852 0.27572 0.24048
0.21941 0.23194 0.18252 0.36613
0.17386 0.21664 0.19010 0.41939
0.40856 0.16248 0.20798 0.22098
0.35692 0.19825 0.17386 0.27097
0.42044 0.15761 0.16902 0.25293

>ZNF395 ZNF395_CHS_CHS
0.22022 0.17079 0.49888 0.11011
0.24045 0.26067 0.44270 0.05618
0.24270 0.15506 0.44270 0.15955
0.19326 0.24045 0.35506 0.21124
0.18427 0.58652 0.17303 0.05618
0.12809 0.47191 0.24270 0.15730
0.24719 0.10562 0.48315 0.16404
0.06517 0.08539 0.75281 0.09663
0.08315 0.11685 0.73034 0.06966
0.42921 0.37303 0.04944 0.14831
0.27191 0.04494 0.63596 0.04719
0.13258 0.04944 0.73483 0.08315
0.25843 0.42921 0.18876 0.12360
0.11236 0.18202 0.63371 0.07191
0.11461 0.10787 0.75506 0.02247
0.03146 0.89663 0.01348 0.05843
0.13034 0.02247 0.79551 0.05169
0.01124 0.04045 0.91910 0.02921
0.19551 0.52584 0.15955 0.11910
0.17528 0.06742 0.62697 0.13034
0.06067 0.28090 0.60899 0.04944
0.09888 0.77528 0.06742 0.05843
0.08539 0.12360 0.62472 0.16629
0.07191 0.16629 0.72809 0.03371
0.09438 0.62697 0.22472 0.05393
0.16629 0.06067 0.48315 0.28989
0.03820 0.15730 0.74831 0.05618
0.14157 0.42022 0.28539 0.15281
0.11910 0.19101 0.58876 0.10112
0.13034 0.14831 0.60000 0.12135

>ZNF395 ZNF395_CHS_GHTS
0.09033 0.13396 0.66191 0.11379
0.03454 0.91382 0.00020 0.05144
0.20894 0.60626 0.00020 0.18460
0.01348 0.00785 0.97858 0.00008
0.00008 0.66827 0.20991 0.12175
0.17219 0.82754 0.00020 0.00008
0.18668 0.05315 0.46570 0.29446
0.03230 0.75635 0.00020 0.21115
0.08044 0.37653 0.06915 0.47388
0.22918 0.00020 0.32593 0.44469

>ZNF395 ZNF395_GHTS_CHS
0.00021 0.99908 0.00051 0.00021
0.00021 0.99908 0.00051 0.00021
0.00021 0.00051 0.99908 0.00021
0.00021 0.02039 0.97919 0.00021
0.00021 0.99908 0.00051 0.00021
0.00021 0.99908 0.00051 0.00021
0.00021 0.00051 0.99908 0.00021
0.01015 0.01045 0.97919 0.00021
0.00021 0.92949 0.01045 0.05985
0.22304 0.25925 0.27888 0.23883
0.12948 0.26898 0.42239 0.17914
0.04991 0.49191 0.37842 0.07976
0.09962 0.17945 0.48784 0.23310
0.15926 0.54173 0.29880 0.00021
0.09968 0.52765 0.20927 0.16340
0.12944 0.23916 0.51190 0.11950

>ZNF395 ZNF395_GHTS_GHTS
0.18935 0.22485 0.48521 0.10059
0.20118 0.23669 0.36686 0.19527
0.19527 0.38462 0.24852 0.17160
0.24260 0.11243 0.46746 0.17751
0.05917 0.34911 0.40828 0.18343
0.32544 0.32544 0.25444 0.09467
0.08876 0.55621 0.29586 0.05917
0.14793 0.45562 0.17751 0.21893
0.14793 0.23077 0.44970 0.17160
0.19527 0.01775 0.77515 0.01183
0.03550 0.88166 0.05917 0.02367
0.05325 0.80473 0.03550 0.10651
0.03550 0.01183 0.81657 0.13609
0.08284 0.01775 0.86982 0.02959
0.01775 0.91716 0.03550 0.02959
0.17160 0.69231 0.08284 0.05325
0.00592 0.01775 0.95266 0.02367
0.02367 0.02959 0.92899 0.01775
0.02959 0.78698 0.07101 0.11243
0.42604 0.05325 0.21302 0.30769
0.21893 0.32544 0.17751 0.27811
0.13609 0.39645 0.18343 0.28402
0.17751 0.23077 0.35503 0.23669
0.12426 0.35503 0.28402 0.23669
0.17160 0.34911 0.26627 0.21302
0.15385 0.31361 0.40237 0.13018
0.20710 0.28402 0.22485 0.28402
0.10651 0.36095 0.42604 0.10651
0.16568 0.26627 0.31361 0.25444
0.21893 0.38462 0.30769 0.08876

>ZNF493 ZNF493_CHS_CHS
0.17259 0.23350 0.21320 0.38071
0.12690 0.21827 0.44670 0.20812
0.18782 0.18782 0.27411 0.35025
0.41117 0.25888 0.15736 0.17259
0.57868 0.19289 0.13198 0.09645
0.15228 0.13198 0.53299 0.18274
0.12690 0.65482 0.14721 0.07107
0.13706 0.70051 0.07107 0.09137
0.43147 0.26396 0.18274 0.12183
0.28934 0.19797 0.40609 0.10660
0.33503 0.06091 0.53299 0.07107
0.07107 0.22335 0.61421 0.09137
0.07107 0.72589 0.10152 0.10152
0.60406 0.17766 0.13198 0.08629
0.07614 0.48731 0.18274 0.25381
0.09137 0.86802 0.01523 0.02538
0.03046 0.86294 0.05076 0.05584
0.72081 0.02538 0.18274 0.07107
0.07614 0.06091 0.74619 0.11675
0.51269 0.24365 0.19797 0.04569
0.29949 0.51777 0.02538 0.15736
0.01523 0.80203 0.11168 0.07107
0.77665 0.14213 0.06599 0.01523
0.08122 0.01523 0.89848 0.00508
0.01015 0.04569 0.03046 0.91371
0.02538 0.08629 0.42640 0.46193
0.00508 0.89848 0.02030 0.07614
0.01015 0.86294 0.01523 0.11168
0.02538 0.81726 0.03553 0.12183
0.49239 0.11675 0.27919 0.11168

>ZNF493 ZNF493_CHS_GHTS
0.15736 0.42132 0.24365 0.17766
0.17259 0.23350 0.21320 0.38071
0.12690 0.21827 0.44670 0.20812
0.18782 0.18782 0.27411 0.35025
0.41117 0.25888 0.15736 0.17259
0.57868 0.19289 0.13198 0.09645
0.15228 0.13198 0.53299 0.18274
0.12690 0.65482 0.14721 0.07107
0.13706 0.70051 0.07107 0.09137
0.43147 0.26396 0.18274 0.12183
0.28934 0.19797 0.40609 0.10660
0.33503 0.06091 0.53299 0.07107
0.07107 0.22335 0.61421 0.09137
0.07107 0.72589 0.10152 0.10152
0.60406 0.17766 0.13198 0.08629
0.07614 0.48731 0.18274 0.25381
0.09137 0.86802 0.01523 0.02538
0.03046 0.86294 0.05076 0.05584
0.72081 0.02538 0.18274 0.07107
0.07614 0.06091 0.74619 0.11675
0.51269 0.24365 0.19797 0.04569
0.29949 0.51777 0.02538 0.15736
0.01523 0.80203 0.11168 0.07107
0.77665 0.14213 0.06599 0.01523
0.08122 0.01523 0.89848 0.00508
0.01015 0.04569 0.03046 0.91371
0.02538 0.08629 0.42640 0.46193
0.00508 0.89848 0.02030 0.07614
0.01015 0.86294 0.01523 0.11168
0.02538 0.81726 0.03553 0.12183

>ZNF493 ZNF493_GHTS_CHS
0.00037 0.00048 0.99878 0.00037
0.07153 0.04768 0.88042 0.00037
0.50308 0.48427 0.01228 0.00037
0.96327 0.00048 0.03588 0.00037
0.00037 0.99878 0.00048 0.00037
0.00037 0.01228 0.00048 0.98687
0.01217 0.00048 0.98698 0.00037
0.11855 0.00048 0.50301 0.37796
0.01217 0.18927 0.18927 0.60928
0.07117 0.85718 0.01228 0.05937
0.10657 0.05948 0.02408 0.80987
0.03577 0.01228 0.95158 0.00037
0.00037 0.00048 0.98698 0.01217
0.21276 0.01228 0.71559 0.05937
0.07117 0.05948 0.07128 0.79807
0.05937 0.02408 0.86898 0.04757
0.08297 0.73919 0.10668 0.07117
0.05937 0.58579 0.04768 0.30716
0.17736 0.46743 0.17747 0.17773
0.08297 0.09488 0.29547 0.52668
0.05937 0.03588 0.83358 0.07117
0.05937 0.03588 0.82178 0.08297
0.15377 0.58579 0.09488 0.16556
0.09477 0.08308 0.16567 0.65648

>ZNF493 ZNF493_GHTS_GHTS
0.14545 0.40606 0.25455 0.19394
0.21212 0.22424 0.19394 0.36970
0.36970 0.20606 0.19394 0.23030
0.12727 0.09697 0.33333 0.44242
0.14545 0.29091 0.43636 0.12727
0.32121 0.12727 0.17576 0.37576
0.47273 0.19394 0.26061 0.07273
0.14545 0.18182 0.21212 0.46061
0.13939 0.04848 0.63030 0.18182
0.17576 0.02424 0.79394 0.00606
0.15152 0.03030 0.80606 0.01212
0.41818 0.48485 0.01818 0.07879
0.78182 0.02424 0.14545 0.04848
0.01818 0.84848 0.10303 0.03030
0.08485 0.03030 0.05455 0.83030
0.04242 0.08485 0.80000 0.07273
0.26061 0.01212 0.49091 0.23636
0.07879 0.21212 0.18182 0.52727
0.09697 0.66061 0.16970 0.07273
0.12727 0.19394 0.11515 0.56364
0.04848 0.02424 0.75152 0.17576
0.00606 0.12121 0.78788 0.08485
0.29697 0.06061 0.55758 0.08485
0.14545 0.07273 0.07273 0.70909
0.07879 0.03030 0.78788 0.10303
0.13939 0.61818 0.18182 0.06061
0.08485 0.50909 0.12121 0.28485
0.13333 0.36970 0.26667 0.23030
0.12121 0.10909 0.36364 0.40606
0.04848 0.11515 0.66667 0.16970

>ZNF518B ZNF518B_CHS_CHS
0.16721 0.44364 0.16004 0.22911
0.25436 0.04839 0.16072 0.53653
0.12923 0.00001 0.85558 0.01517
0.00001 0.00001 0.02249 0.97749
0.95056 0.01047 0.03896 0.00001
0.00001 0.00001 0.99997 0.00001
0.60509 0.01648 0.23466 0.14377
0.25732 0.13032 0.15538 0.45698
0.20930 0.19126 0.30390 0.29554
0.10078 0.27832 0.02642 0.59448
0.00053 0.99500 0.00001 0.00445
0.01831 0.23946 0.02537 0.71686
0.88768 0.07857 0.00994 0.02380
0.07646 0.34014 0.03923 0.54417
0.11438 0.26012 0.14744 0.47806

>ZNF518B ZNF518B_CHS_GHTS
0.00001 0.01042 0.05675 0.93282
0.76210 0.01849 0.21003 0.00938
0.00027 0.00235 0.99737 0.00001
0.60594 0.02291 0.26079 0.11036
0.27770 0.32017 0.19885 0.20327
0.45942 0.15876 0.11400 0.26782
0.12806 0.26027 0.01901 0.59267
0.00105 0.99893 0.00001 0.00001
0.00574 0.09240 0.02942 0.87245
0.95651 0.03488 0.00860 0.00001
0.00365 0.80218 0.00001 0.19416
0.45786 0.18921 0.05961 0.29332
0.22903 0.15981 0.42610 0.18505
0.43964 0.20119 0.16865 0.19052
0.36677 0.19807 0.22643 0.20873
0.24908 0.37145 0.14653 0.23294
0.23060 0.22357 0.16137 0.38446
0.25220 0.35141 0.18427 0.21212
0.21550 0.19078 0.18141 0.41231
0.22644 0.37796 0.16319 0.23242
0.24231 0.33813 0.15877 0.26079
0.43313 0.16189 0.15798 0.24700
0.23034 0.35636 0.18193 0.23138
0.25064 0.33735 0.15668 0.25533

>ZNF518B ZNF518B_GHTS_CHS
0.19072 0.00059 0.80809 0.00059
0.00004 0.00004 0.00004 0.99988
0.98694 0.00059 0.01243 0.00004
0.00059 0.00004 0.99933 0.00004
0.75794 0.00059 0.19423 0.04724
0.20697 0.25985 0.14019 0.39300
0.39300 0.14019 0.25985 0.20697
0.04724 0.19423 0.00059 0.75794
0.00004 0.99933 0.00004 0.00059
0.00004 0.01243 0.00059 0.98694
0.99988 0.00004 0.00004 0.00004
0.00059 0.80809 0.00059 0.19072

>ZNF518B ZNF518B_GHTS_GHTS
0.18223 0.20164 0.41449 0.20164
0.19567 0.21434 0.39134 0.19866
0.26139 0.14339 0.22106 0.37416
0.26214 0.16878 0.39656 0.17252
0.17999 0.08962 0.53996 0.19044
0.25093 0.12248 0.24720 0.37939
0.18223 0.17326 0.50934 0.13518
0.29276 0.17102 0.38611 0.15011
0.26064 0.09410 0.27931 0.36594
0.08813 0.24347 0.33831 0.33010
0.18895 0.19567 0.25243 0.36296
0.08962 0.40403 0.18372 0.32263
0.23898 0.02091 0.22704 0.51307
0.07543 0.00149 0.92009 0.00299
0.00523 0.00896 0.05153 0.93428
0.86706 0.00149 0.12621 0.00523
0.00448 0.00373 0.96042 0.03137
0.59895 0.00672 0.26438 0.12995
0.17625 0.15982 0.25317 0.41075
0.28155 0.13443 0.34951 0.23450
0.04481 0.15609 0.09485 0.70426
0.00373 0.84242 0.11875 0.03510
0.00224 0.01643 0.17550 0.80583
0.87677 0.00373 0.06647 0.05302
0.00373 0.63107 0.10978 0.25541
0.31591 0.11426 0.22853 0.34130
0.26139 0.15011 0.25990 0.32860
0.29574 0.11650 0.44735 0.14040
0.25467 0.07692 0.39881 0.26960
0.10381 0.25243 0.26512 0.37864

>ZNF648 ZNF648_CHS_CHS
0.21275 0.31336 0.36723 0.10666
0.10116 0.36613 0.41176 0.12095
0.12754 0.37933 0.31171 0.18142
0.11270 0.40131 0.28808 0.19791
0.11160 0.37383 0.32161 0.19296
0.15998 0.33590 0.34414 0.15998
0.09291 0.50026 0.23530 0.17152
0.09621 0.43650 0.14735 0.31994
0.08137 0.54534 0.17483 0.19846
0.07257 0.59756 0.15065 0.17922
0.27487 0.29852 0.31501 0.11160
0.12480 0.13306 0.68991 0.05224
0.05004 0.26499 0.47278 0.21220
0.00881 0.97411 0.00827 0.00881
0.00716 0.00003 0.06929 0.92352
0.00056 0.85153 0.02092 0.12699
0.01046 0.97631 0.00607 0.00716
0.02255 0.83723 0.05555 0.08467
0.01705 0.92134 0.02641 0.03519
0.03904 0.42825 0.02861 0.50409
0.16218 0.29962 0.06214 0.47606
0.09731 0.78281 0.02861 0.09126
0.10281 0.66133 0.04016 0.19571
0.14239 0.49532 0.17758 0.18471

>ZNF648 ZNF648_CHS_GHTS
0.08462 0.20950 0.64344 0.06244
0.12172 0.31086 0.48733 0.08009
0.12941 0.38552 0.12579 0.35928
0.02896 0.89593 0.04932 0.02579
0.72986 0.18009 0.05113 0.03891
0.00588 0.09864 0.87557 0.01991
0.06561 0.68733 0.12534 0.12172
0.14480 0.15973 0.52443 0.17104
0.08507 0.43258 0.30498 0.17738
0.10226 0.53077 0.14887 0.21810
0.11267 0.33303 0.33529 0.21900
0.10724 0.45158 0.27014 0.17104
0.08416 0.59457 0.12534 0.19593
0.08778 0.52036 0.13122 0.26063
0.13213 0.44525 0.23529 0.18733
0.12172 0.52534 0.19412 0.15882
0.16968 0.26878 0.38371 0.17783
0.06878 0.42941 0.35656 0.14525
0.03891 0.49819 0.23303 0.22986
0.04434 0.50543 0.08462 0.36561
0.02489 0.44842 0.05928 0.46742
0.01403 0.80452 0.01176 0.16968
0.01900 0.83710 0.04118 0.10271
0.02851 0.72896 0.04842 0.19412
0.08733 0.60000 0.06109 0.25158
0.11403 0.44796 0.07285 0.36516
0.12217 0.50226 0.06968 0.30588
0.12443 0.61946 0.06787 0.18824
0.13937 0.49231 0.14344 0.22489
0.10724 0.46561 0.22217 0.20498

>ZNF648 ZNF648_GHTS_CHS
0.00029 0.99897 0.00044 0.00029
0.00029 0.00044 0.16414 0.83512
0.00029 0.78044 0.01067 0.20860
0.00029 0.97852 0.02090 0.00029
0.00029 0.95710 0.00044 0.04216
0.00029 0.99897 0.00044 0.00029
0.00029 0.34189 0.10699 0.55082
0.16357 0.15502 0.00468 0.67672
0.09234 0.82596 0.03113 0.05056
0.07623 0.79860 0.02090 0.10427

>ZNF648 ZNF648_GHTS_GHTS
0.48953 0.05814 0.19186 0.25814
0.10233 0.18605 0.68023 0.02907
0.24884 0.01395 0.71628 0.01860
0.04884 0.18140 0.49884 0.26860
0.33837 0.01860 0.63140 0.00930
0.49767 0.25814 0.22907 0.01279
0.43605 0.01512 0.34651 0.20000
0.08953 0.39535 0.49419 0.01860
0.38488 0.26163 0.29186 0.05930
0.12442 0.39419 0.13488 0.34419
0.28023 0.12791 0.51047 0.07907
0.23372 0.18488 0.51512 0.06395
0.30814 0.25233 0.19535 0.24186
0.25116 0.15116 0.52442 0.07093
0.15581 0.32907 0.45116 0.06163
