>CAMTA1 CAMTA1_CHS_CHS
0.07338 0.50461 0.29849 0.12352
0.67319 0.00008 0.24455 0.08219
0.07887 0.86352 0.02106 0.03655
0.00996 0.00918 0.00145 0.97940
0.02526 0.00008 0.97462 0.00004
0.01493 0.95931 0.01166 0.01410
0.28685 0.01019 0.70293 0.00004
0.04565 0.08868 0.77604 0.08963
0.22671 0.60066 0.07657 0.09606
0.36905 0.10367 0.30667 0.22061

>CAMTA1 CAMTA1_CHS_GHTS
0.07307 0.81315 0.08198 0.03181
0.00937 0.76428 0.01365 0.21270
0.01202 0.01335 0.95505 0.01958
0.00004 0.97617 0.00522 0.01857
0.96436 0.00351 0.02103 0.01110
0.03681 0.01437 0.82992 0.11890
0.06316 0.25036 0.04157 0.64491
0.10110 0.26561 0.58174 0.05155
0.11678 0.65621 0.07303 0.15398
0.22152 0.22548 0.48771 0.06530

>CAMTA1 CAMTA1_GHTS_CHS
0.18415 0.26339 0.29127 0.26045
0.17021 0.22744 0.34850 0.25312
0.15627 0.24945 0.25825 0.33529
0.12766 0.17828 0.45928 0.23404
0.13793 0.21864 0.37711 0.26559
0.23258 0.23478 0.33015 0.20176
0.15481 0.25018 0.26632 0.32795
0.22964 0.10638 0.52458 0.13866
0.16361 0.22524 0.21130 0.39912
0.14600 0.18415 0.46368 0.20543
0.22450 0.19296 0.33015 0.25165
0.21937 0.27293 0.23918 0.26779
0.10345 0.30007 0.35583 0.23991
0.28833 0.10051 0.36537 0.24505
0.04842 0.61555 0.19002 0.14527
0.03302 0.22671 0.21790 0.52164
0.04035 0.03742 0.78577 0.13573
0.01027 0.73001 0.16288 0.09611
0.74908 0.00807 0.10198 0.14013
0.27146 0.20029 0.30521 0.22230
0.01247 0.00293 0.01687 0.96698
0.00734 0.01467 0.96772 0.00880
0.04255 0.87161 0.01761 0.06676
0.30814 0.00807 0.63903 0.04329
0.05796 0.19663 0.42847 0.31548
0.18489 0.42847 0.27806 0.10712
0.39545 0.07190 0.13573 0.39545
0.21203 0.15114 0.45708 0.17828
0.21277 0.22377 0.22964 0.33236
0.15260 0.18269 0.44021 0.22304

>CAMTA1 CAMTA1_GHTS_GHTS
0.20616 0.22891 0.31328 0.25092
0.20176 0.22744 0.33529 0.23478
0.18415 0.26339 0.29127 0.26045
0.17021 0.22744 0.34850 0.25312
0.15627 0.24945 0.25825 0.33529
0.12766 0.17828 0.45928 0.23404
0.13793 0.21864 0.37711 0.26559
0.23258 0.23478 0.33015 0.20176
0.15481 0.25018 0.26632 0.32795
0.22964 0.10638 0.52458 0.13866
0.16361 0.22524 0.21130 0.39912
0.14600 0.18415 0.46368 0.20543
0.22450 0.19296 0.33015 0.25165
0.21937 0.27293 0.23918 0.26779
0.10345 0.30007 0.35583 0.23991
0.28833 0.10051 0.36537 0.24505
0.04842 0.61555 0.19002 0.14527
0.03302 0.22671 0.21790 0.52164
0.04035 0.03742 0.78577 0.13573
0.01027 0.73001 0.16288 0.09611
0.74908 0.00807 0.10198 0.14013
0.27146 0.20029 0.30521 0.22230
0.01247 0.00293 0.01687 0.96698
0.00734 0.01467 0.96772 0.00880
0.04255 0.87161 0.01761 0.06676
0.30814 0.00807 0.63903 0.04329
0.05796 0.19663 0.42847 0.31548
0.18489 0.42847 0.27806 0.10712
0.39545 0.07190 0.13573 0.39545
0.21203 0.15114 0.45708 0.17828

>USF3 USF3_CHS_CHS
0.24746 0.24814 0.36553 0.13887
0.16762 0.47266 0.27052 0.08920
0.07638 0.72205 0.07993 0.12164
0.01993 0.98001 0.00005 0.00002
0.95348 0.00005 0.03021 0.01626
0.00002 0.99664 0.00005 0.00329
0.00329 0.00005 0.99664 0.00002
0.01626 0.03021 0.00005 0.95348
0.00002 0.00005 0.98001 0.01993
0.12164 0.07993 0.72205 0.07638
0.08920 0.27052 0.47266 0.16762
0.13887 0.36553 0.24814 0.24746

>USF3 USF3_CHS_GHTS
0.25045 0.21681 0.39640 0.13634
0.16840 0.47369 0.28248 0.07543
0.07607 0.73555 0.08048 0.10791
0.02269 0.97153 0.00484 0.00094
0.93218 0.00208 0.03780 0.02795
0.00113 0.99282 0.00235 0.00370
0.00370 0.00235 0.99282 0.00113
0.02795 0.03780 0.00208 0.93218
0.00094 0.00484 0.97153 0.02269
0.10791 0.08048 0.73555 0.07607
0.07543 0.28248 0.47369 0.16840
0.13634 0.39640 0.21681 0.25045

>USF3 USF3_GHTS_CHS
0.27300 0.15488 0.35699 0.21514
0.21754 0.20242 0.44477 0.13528
0.30405 0.41154 0.27309 0.01132
0.04297 0.77592 0.01160 0.16951
0.00001 0.99996 0.00002 0.00001
0.99950 0.00002 0.00047 0.00001
0.00001 0.99996 0.00002 0.00001
0.00001 0.00002 0.99996 0.00001
0.00001 0.00047 0.00002 0.99950
0.00001 0.00002 0.99996 0.00001
0.16951 0.01160 0.77592 0.04297
0.01132 0.27309 0.41154 0.30405
0.13528 0.44477 0.20242 0.21754
0.21514 0.35699 0.15488 0.27300

>USF3 USF3_GHTS_GHTS
0.24076 0.29638 0.31077 0.15209
0.32402 0.62566 0.04987 0.00045
0.00133 0.99470 0.00002 0.00395
0.00001 0.99996 0.00002 0.00001
0.99907 0.00002 0.00089 0.00001
0.00001 0.99821 0.00002 0.00176
0.00395 0.00002 0.99601 0.00001
0.00001 0.00002 0.00002 0.99995
0.00001 0.00002 0.99996 0.00001
0.31482 0.02615 0.58446 0.07457
0.01797 0.48936 0.20597 0.28671
0.11048 0.57899 0.11259 0.19794
0.19973 0.37365 0.10562 0.32099
0.20536 0.30229 0.26061 0.23174
0.23092 0.28520 0.27645 0.20743

