>CAMTA1 CAMTA1_CHS_CHS
0.07338 0.50461 0.29849 0.12352
0.67319 0.00008 0.24455 0.08219
0.07887 0.86352 0.02106 0.03655
0.00996 0.00918 0.00145 0.97940
0.02526 0.00008 0.97462 0.00004
0.01493 0.95931 0.01166 0.01410
0.28685 0.01019 0.70293 0.00004
0.04565 0.08868 0.77604 0.08963
0.22671 0.60066 0.07657 0.09606
0.36905 0.10367 0.30667 0.22061

>CAMTA1 CAMTA1_CHS_GHTS
0.07307 0.81315 0.08198 0.03181
0.00937 0.76428 0.01365 0.21270
0.01202 0.01335 0.95505 0.01958
0.00004 0.97617 0.00522 0.01857
0.96436 0.00351 0.02103 0.01110
0.03681 0.01437 0.82992 0.11890
0.06316 0.25036 0.04157 0.64491
0.10110 0.26561 0.58174 0.05155
0.11678 0.65621 0.07303 0.15398
0.22152 0.22548 0.48771 0.06530

>CAMTA1 CAMTA1_GHTS_CHS
0.18415 0.26339 0.29127 0.26045
0.17021 0.22744 0.34850 0.25312
0.15627 0.24945 0.25825 0.33529
0.12766 0.17828 0.45928 0.23404
0.13793 0.21864 0.37711 0.26559
0.23258 0.23478 0.33015 0.20176
0.15481 0.25018 0.26632 0.32795
0.22964 0.10638 0.52458 0.13866
0.16361 0.22524 0.21130 0.39912
0.14600 0.18415 0.46368 0.20543
0.22450 0.19296 0.33015 0.25165
0.21937 0.27293 0.23918 0.26779
0.10345 0.30007 0.35583 0.23991
0.28833 0.10051 0.36537 0.24505
0.04842 0.61555 0.19002 0.14527
0.03302 0.22671 0.21790 0.52164
0.04035 0.03742 0.78577 0.13573
0.01027 0.73001 0.16288 0.09611
0.74908 0.00807 0.10198 0.14013
0.27146 0.20029 0.30521 0.22230
0.01247 0.00293 0.01687 0.96698
0.00734 0.01467 0.96772 0.00880
0.04255 0.87161 0.01761 0.06676
0.30814 0.00807 0.63903 0.04329
0.05796 0.19663 0.42847 0.31548
0.18489 0.42847 0.27806 0.10712
0.39545 0.07190 0.13573 0.39545
0.21203 0.15114 0.45708 0.17828
0.21277 0.22377 0.22964 0.33236
0.15260 0.18269 0.44021 0.22304

>CAMTA1 CAMTA1_GHTS_GHTS
0.20616 0.22891 0.31328 0.25092
0.20176 0.22744 0.33529 0.23478
0.18415 0.26339 0.29127 0.26045
0.17021 0.22744 0.34850 0.25312
0.15627 0.24945 0.25825 0.33529
0.12766 0.17828 0.45928 0.23404
0.13793 0.21864 0.37711 0.26559
0.23258 0.23478 0.33015 0.20176
0.15481 0.25018 0.26632 0.32795
0.22964 0.10638 0.52458 0.13866
0.16361 0.22524 0.21130 0.39912
0.14600 0.18415 0.46368 0.20543
0.22450 0.19296 0.33015 0.25165
0.21937 0.27293 0.23918 0.26779
0.10345 0.30007 0.35583 0.23991
0.28833 0.10051 0.36537 0.24505
0.04842 0.61555 0.19002 0.14527
0.03302 0.22671 0.21790 0.52164
0.04035 0.03742 0.78577 0.13573
0.01027 0.73001 0.16288 0.09611
0.74908 0.00807 0.10198 0.14013
0.27146 0.20029 0.30521 0.22230
0.01247 0.00293 0.01687 0.96698
0.00734 0.01467 0.96772 0.00880
0.04255 0.87161 0.01761 0.06676
0.30814 0.00807 0.63903 0.04329
0.05796 0.19663 0.42847 0.31548
0.18489 0.42847 0.27806 0.10712
0.39545 0.07190 0.13573 0.39545
0.21203 0.15114 0.45708 0.17828

>LEUTX LEUTX_CHS_CHS
0.02524 0.00134 0.00068 0.97274
0.98286 0.00528 0.00856 0.00331
0.97564 0.00199 0.02103 0.00134
0.00002 0.00002 0.00528 0.99468
0.00462 0.87439 0.00134 0.11966
0.00265 0.83303 0.01775 0.14657
0.13284 0.66518 0.06857 0.13342
0.50612 0.19538 0.15204 0.14647
0.14530 0.17169 0.51320 0.16981
0.14446 0.52700 0.16232 0.16621
0.44314 0.20538 0.16646 0.18503
0.16642 0.49293 0.15857 0.18208

>LEUTX LEUTX_CHS_GHTS
0.15637 0.12374 0.58458 0.13531
0.16694 0.54446 0.14918 0.13943
0.14458 0.12419 0.17744 0.55380
0.11985 0.06172 0.69196 0.12647
0.14979 0.02267 0.82750 0.00003
0.12202 0.00395 0.87008 0.00395
0.98039 0.01600 0.00003 0.00358
0.00306 0.03639 0.00040 0.96015
0.00003 0.01299 0.00003 0.98695
0.98889 0.00838 0.00269 0.00003

>LEUTX LEUTX_GHTS_CHS
0.41064 0.29575 0.06245 0.23116
0.12112 0.19904 0.27330 0.40654
0.38246 0.06598 0.13303 0.41853
0.00002 0.00001 0.00001 0.99996
0.99996 0.00001 0.00001 0.00002
0.99996 0.00001 0.00001 0.00002
0.00002 0.00001 0.00001 0.99996
0.00002 0.99953 0.00001 0.00044
0.00002 0.92227 0.00001 0.07770
0.24694 0.53328 0.02152 0.19827
0.31354 0.25051 0.11362 0.32234
0.26005 0.11625 0.32273 0.30097

>LEUTX LEUTX_GHTS_GHTS
0.41099 0.27030 0.06818 0.25054
0.12421 0.19030 0.27005 0.41545
0.36368 0.05955 0.13369 0.44308
0.00002 0.00001 0.00001 0.99996
0.99996 0.00001 0.00001 0.00002
0.99996 0.00001 0.00001 0.00002
0.00002 0.00001 0.00001 0.99996
0.00002 0.99996 0.00001 0.00002
0.00002 0.91992 0.00001 0.08006
0.23856 0.53044 0.02003 0.21097
0.29580 0.26798 0.10916 0.32705
0.26295 0.12965 0.29816 0.30924
0.21153 0.35277 0.08454 0.35116
0.40251 0.10648 0.17391 0.31711

>MYF6 MYF6_CHS_CHS
0.21463 0.29838 0.27954 0.20745
0.22006 0.20056 0.34435 0.23503
0.21393 0.19498 0.41287 0.17822
0.24508 0.27194 0.29096 0.19201
0.29360 0.18020 0.39518 0.13102
0.28073 0.13520 0.46532 0.11875
0.24805 0.24849 0.26624 0.23721
0.45326 0.09487 0.39630 0.05556
0.49544 0.05148 0.42936 0.02373
0.00032 0.99352 0.00439 0.00177
0.97006 0.00038 0.02522 0.00434
0.02181 0.01296 0.95163 0.01360
0.03594 0.55590 0.38693 0.02122
0.01025 0.05684 0.01550 0.91741
0.00605 0.00086 0.98934 0.00375
0.06805 0.40529 0.25223 0.27443

>MYF6 MYF6_CHS_GHTS
0.50996 0.05679 0.42463 0.00862
0.63383 0.01924 0.34693 0.00001
0.00001 0.99999 0.00001 0.00001
0.99985 0.00001 0.00014 0.00001
0.02842 0.03734 0.91849 0.01576
0.02206 0.57495 0.38720 0.01579
0.00001 0.00933 0.00001 0.99066
0.00001 0.00001 0.99999 0.00001

>MYF6 MYF6_GHTS_CHS
0.66434 0.00101 0.33366 0.00100
0.84766 0.01727 0.06951 0.06556
0.00051 0.99946 0.00002 0.00002
0.99748 0.00051 0.00199 0.00002
0.00396 0.02959 0.96644 0.00002
0.00051 0.50762 0.47362 0.01825
0.00002 0.00101 0.00051 0.99847
0.00002 0.00002 0.99946 0.00051
0.25727 0.18828 0.05620 0.49826
0.07344 0.39625 0.12175 0.40856
0.25875 0.33316 0.21834 0.18975
0.21291 0.39871 0.19813 0.19024
0.22326 0.32331 0.21243 0.24100
0.27156 0.22819 0.32577 0.17447
0.24150 0.30902 0.25530 0.19418
0.26762 0.27353 0.29965 0.15920
0.21242 0.28881 0.32035 0.17842
0.21883 0.28438 0.32429 0.17250
0.22474 0.32528 0.27304 0.17694
0.24199 0.31000 0.29128 0.15673
0.20207 0.31690 0.27748 0.20355
0.27008 0.24643 0.28092 0.20257
0.21735 0.27304 0.31789 0.19172
0.20848 0.24347 0.42286 0.12519

>MYF6 MYF6_GHTS_GHTS
0.20709 0.26957 0.25307 0.27027
0.21341 0.25623 0.31450 0.21587
0.15128 0.28326 0.31169 0.25377
0.18603 0.25026 0.32959 0.23412
0.14847 0.30151 0.29519 0.25483
0.18077 0.30958 0.30888 0.20077
0.17024 0.29484 0.23903 0.29589
0.19200 0.22745 0.34679 0.23377
0.17269 0.32959 0.22499 0.27273
0.23938 0.19691 0.34784 0.21587
0.16532 0.17410 0.39628 0.26430
0.15163 0.22359 0.38084 0.24395
0.38680 0.09898 0.40892 0.10530
0.47841 0.06248 0.20990 0.24921
0.00140 0.99158 0.00211 0.00491
0.99403 0.00105 0.00316 0.00176
0.09056 0.45174 0.41734 0.04037
0.00737 0.90312 0.07933 0.01018
0.00035 0.00386 0.00140 0.99438
0.00105 0.00246 0.99544 0.00105
0.06318 0.06037 0.01755 0.85890
0.00421 0.30186 0.05230 0.64163
0.21973 0.35837 0.27308 0.14882
0.12812 0.39031 0.12461 0.35697
0.12706 0.32432 0.23798 0.31064
0.15058 0.28291 0.24079 0.32573
0.19621 0.26079 0.31169 0.23131
0.17410 0.29975 0.27203 0.25412
0.18006 0.30642 0.29484 0.21867
0.17796 0.29098 0.27097 0.26009

>PRDM13 PRDM13_CHS_CHS
0.17669 0.20749 0.48421 0.13160
0.19707 0.44443 0.27619 0.08232
0.07010 0.67068 0.04590 0.21332
0.99617 0.00023 0.00097 0.00263
0.00337 0.99466 0.00001 0.00197
0.00349 0.98759 0.00499 0.00393
0.28051 0.13068 0.01765 0.57116
0.00153 0.00851 0.98625 0.00371
0.00576 0.78818 0.01043 0.19562
0.22626 0.33221 0.07312 0.36840
0.17342 0.29575 0.36286 0.16797
0.10059 0.47157 0.22546 0.20239

>PRDM13 PRDM13_CHS_GHTS
0.19836 0.18563 0.48659 0.12942
0.22231 0.41680 0.27254 0.08835
0.07880 0.63169 0.07398 0.21553
0.99936 0.00002 0.00061 0.00001
0.00371 0.99211 0.00002 0.00417
0.01222 0.96939 0.00799 0.01040
0.28944 0.15275 0.01505 0.54277
0.00116 0.00113 0.99725 0.00046
0.00657 0.79205 0.00206 0.19931
0.21869 0.30755 0.05465 0.41911

>PRDM13 PRDM13_GHTS_CHS
0.51191 0.00804 0.27542 0.20464
0.13294 0.00007 0.86695 0.00004
0.00164 0.99506 0.00326 0.00004
0.80253 0.00166 0.03100 0.16480
0.01120 0.00007 0.98869 0.00004
0.00004 0.00007 0.99984 0.00004
0.00004 0.00007 0.00007 0.99981
0.03191 0.00007 0.96320 0.00482
0.08135 0.04946 0.78312 0.08608
0.02553 0.58070 0.20147 0.19229
0.34961 0.33828 0.15049 0.16162
0.28913 0.12312 0.31525 0.27250
0.15936 0.19126 0.40613 0.24324
0.17119 0.18395 0.51896 0.12590
0.18936 0.26878 0.37771 0.16415
0.24008 0.27569 0.29871 0.18552
0.24544 0.16895 0.42784 0.15777
0.23403 0.29427 0.36810 0.10360

>PRDM13 PRDM13_GHTS_GHTS
0.11952 0.41912 0.29012 0.17123
0.58720 0.00368 0.19022 0.21891
0.16267 0.00008 0.83720 0.00005
0.00545 0.99083 0.00368 0.00005
0.82354 0.00547 0.01447 0.15652
0.00185 0.00008 0.99802 0.00005
0.00185 0.00008 0.99622 0.00185
0.00724 0.00008 0.00008 0.99260
0.00724 0.00008 0.98723 0.00545
0.07958 0.00727 0.86633 0.04681
0.02703 0.67529 0.15678 0.14090
0.37938 0.42805 0.10978 0.08278
0.29646 0.16835 0.22899 0.30619
0.18821 0.13863 0.43932 0.23384

>SALL3 SALL3_CHS_CHS
0.47818 0.07455 0.07636 0.37091
0.37091 0.10727 0.08727 0.43455
0.58364 0.03636 0.07636 0.30364
0.34727 0.04909 0.01818 0.58545
0.46000 0.01818 0.09455 0.42727
0.52545 0.03455 0.05273 0.38727
0.50909 0.05636 0.04000 0.39455
0.74727 0.02727 0.08545 0.14000
0.16000 0.02545 0.02000 0.79455
0.78000 0.01273 0.07273 0.13455
0.12364 0.01636 0.02909 0.83091
0.24000 0.04727 0.14000 0.57273
0.71091 0.06182 0.04000 0.18727
0.87818 0.05273 0.01636 0.05273
0.17273 0.03273 0.03091 0.76364
0.71636 0.01273 0.05091 0.22000
0.06909 0.02364 0.02364 0.88364
0.23091 0.02182 0.08182 0.66545
0.56000 0.23091 0.03091 0.17818
0.65273 0.06364 0.01455 0.26909
0.54364 0.02909 0.10545 0.32182
0.54545 0.07455 0.01818 0.36182
0.67273 0.02545 0.01636 0.28545
0.27636 0.05091 0.03091 0.64182
0.14000 0.07273 0.04000 0.74727
0.60182 0.13636 0.06364 0.19818
0.46545 0.02000 0.04000 0.47455
0.36364 0.03091 0.05455 0.55091
0.65273 0.01818 0.03091 0.29818
0.62000 0.02364 0.03818 0.31818

>SALL3 SALL3_CHS_GHTS
0.36909 0.11636 0.19091 0.32364
0.31455 0.26000 0.17455 0.25091
0.48364 0.08909 0.04909 0.37818
0.30000 0.25818 0.17455 0.26727
0.36727 0.30364 0.21636 0.11273
0.34909 0.16364 0.11455 0.37273
0.07273 0.39273 0.04727 0.48727
0.28545 0.50545 0.09273 0.11636
0.11455 0.14727 0.02909 0.70909
0.08182 0.31273 0.24727 0.35818
0.35455 0.34545 0.14182 0.15818
0.25091 0.54000 0.08182 0.12727
0.13455 0.05455 0.01818 0.79273
0.12909 0.58182 0.06182 0.22727
0.11273 0.04909 0.06182 0.77636
0.05636 0.29455 0.31636 0.33273
0.23818 0.56364 0.04182 0.15636
0.43455 0.43091 0.04727 0.08727
0.24182 0.16909 0.12545 0.46364
0.34000 0.40182 0.19091 0.06727
0.16364 0.47818 0.11091 0.24727
0.24182 0.29091 0.06364 0.40364
0.40364 0.06909 0.28182 0.24545
0.49636 0.11091 0.28545 0.10727
0.33091 0.11636 0.24364 0.30909
0.28364 0.14000 0.09273 0.48364
0.58000 0.08182 0.14727 0.19091
0.33455 0.10364 0.28364 0.27818
0.26545 0.40909 0.16727 0.15818
0.72727 0.03818 0.04364 0.19091

>SALL3 SALL3_GHTS_CHS
0.61833 0.05336 0.10325 0.22042
0.16937 0.06497 0.08469 0.67633
0.56497 0.14153 0.09629 0.19258
0.47448 0.07541 0.05916 0.38631
0.16821 0.17053 0.07657 0.58005
0.54292 0.17865 0.16357 0.11021
0.65545 0.02552 0.04756 0.26682
0.37703 0.04988 0.07193 0.49652
0.69606 0.08121 0.03364 0.18445
0.33063 0.02552 0.03248 0.60673
0.27842 0.03016 0.02668 0.66009
0.30394 0.64385 0.02088 0.02668
0.96172 0.01160 0.01392 0.00812
0.01508 0.02320 0.00928 0.94780
0.89211 0.06032 0.00812 0.03480
0.40719 0.01160 0.01624 0.56032
0.03596 0.17633 0.03364 0.74942
0.15081 0.09397 0.06148 0.68910
0.35847 0.18794 0.15661 0.29234
0.43968 0.13921 0.10441 0.31206
0.14849 0.20766 0.12877 0.51044
0.58469 0.10557 0.15893 0.14617
0.37935 0.07541 0.01508 0.52552
0.28654 0.15893 0.05452 0.49536
0.48144 0.13573 0.04756 0.33063
0.36311 0.07541 0.08585 0.47100
0.25522 0.19026 0.06845 0.48260
0.56729 0.08237 0.07193 0.27494
0.31439 0.12761 0.12645 0.42807
0.28538 0.22622 0.04872 0.43619

>SALL3 SALL3_GHTS_GHTS
0.32777 0.09416 0.11204 0.46365
0.40286 0.15852 0.23719 0.19905
0.59714 0.05483 0.10608 0.23957
0.15733 0.10727 0.05244 0.68057
0.52563 0.27652 0.06913 0.12634
0.57926 0.04291 0.01430 0.36114
0.13349 0.08224 0.28844 0.49344
0.57330 0.22646 0.04052 0.15733
0.47914 0.03695 0.02026 0.46126
0.20977 0.15256 0.11561 0.51967
0.35995 0.29678 0.11442 0.22646
0.59952 0.01311 0.22765 0.15733
0.26222 0.18474 0.06913 0.48153
0.56853 0.07867 0.01311 0.33731
0.45173 0.03576 0.06198 0.44815
0.09654 0.04648 0.01669 0.83790
0.29917 0.48868 0.18355 0.02622
0.90346 0.01907 0.03933 0.03576
0.04529 0.03099 0.02145 0.90107
0.77950 0.15375 0.03456 0.03099
0.52443 0.00834 0.01430 0.45173
0.02265 0.17044 0.14660 0.65912
0.18832 0.24911 0.01907 0.54231
0.46484 0.21335 0.09893 0.22169
0.41240 0.22884 0.02861 0.32896
0.23719 0.19070 0.08343 0.48749
0.58880 0.02741 0.28486 0.09774
0.36234 0.17044 0.03337 0.43266
0.26222 0.35042 0.09416 0.29201
0.44100 0.15495 0.10131 0.30155

>USF3 USF3_CHS_CHS
0.24746 0.24814 0.36553 0.13887
0.16762 0.47266 0.27052 0.08920
0.07638 0.72205 0.07993 0.12164
0.01993 0.98001 0.00005 0.00002
0.95348 0.00005 0.03021 0.01626
0.00002 0.99664 0.00005 0.00329
0.00329 0.00005 0.99664 0.00002
0.01626 0.03021 0.00005 0.95348
0.00002 0.00005 0.98001 0.01993
0.12164 0.07993 0.72205 0.07638
0.08920 0.27052 0.47266 0.16762
0.13887 0.36553 0.24814 0.24746

>USF3 USF3_CHS_GHTS
0.25045 0.21681 0.39640 0.13634
0.16840 0.47369 0.28248 0.07543
0.07607 0.73555 0.08048 0.10791
0.02269 0.97153 0.00484 0.00094
0.93218 0.00208 0.03780 0.02795
0.00113 0.99282 0.00235 0.00370
0.00370 0.00235 0.99282 0.00113
0.02795 0.03780 0.00208 0.93218
0.00094 0.00484 0.97153 0.02269
0.10791 0.08048 0.73555 0.07607
0.07543 0.28248 0.47369 0.16840
0.13634 0.39640 0.21681 0.25045

>USF3 USF3_GHTS_CHS
0.27300 0.15488 0.35699 0.21514
0.21754 0.20242 0.44477 0.13528
0.30405 0.41154 0.27309 0.01132
0.04297 0.77592 0.01160 0.16951
0.00001 0.99996 0.00002 0.00001
0.99950 0.00002 0.00047 0.00001
0.00001 0.99996 0.00002 0.00001
0.00001 0.00002 0.99996 0.00001
0.00001 0.00047 0.00002 0.99950
0.00001 0.00002 0.99996 0.00001
0.16951 0.01160 0.77592 0.04297
0.01132 0.27309 0.41154 0.30405
0.13528 0.44477 0.20242 0.21754
0.21514 0.35699 0.15488 0.27300

>USF3 USF3_GHTS_GHTS
0.24076 0.29638 0.31077 0.15209
0.32402 0.62566 0.04987 0.00045
0.00133 0.99470 0.00002 0.00395
0.00001 0.99996 0.00002 0.00001
0.99907 0.00002 0.00089 0.00001
0.00001 0.99821 0.00002 0.00176
0.00395 0.00002 0.99601 0.00001
0.00001 0.00002 0.00002 0.99995
0.00001 0.00002 0.99996 0.00001
0.31482 0.02615 0.58446 0.07457
0.01797 0.48936 0.20597 0.28671
0.11048 0.57899 0.11259 0.19794
0.19973 0.37365 0.10562 0.32099
0.20536 0.30229 0.26061 0.23174
0.23092 0.28520 0.27645 0.20743

>ZBED2 ZBED2_CHS_CHS
0.30362 0.34225 0.18052 0.17361
0.06363 0.93189 0.00206 0.00243
0.00007 0.00482 0.99504 0.00007
0.99501 0.00010 0.00010 0.00479
0.99501 0.00246 0.00010 0.00243
0.60767 0.27690 0.05535 0.06009
0.00715 0.94584 0.03751 0.00951
0.03177 0.45682 0.00914 0.50227
0.16676 0.20355 0.48696 0.14272
0.23978 0.32518 0.33654 0.09850

>ZBED2 ZBED2_CHS_GHTS
0.19136 0.41719 0.18119 0.21025
0.28641 0.36499 0.15075 0.19784
0.02221 0.97761 0.00011 0.00007
0.00253 0.00011 0.99483 0.00253
0.99480 0.00011 0.00011 0.00499
0.99234 0.00011 0.00011 0.00745
0.52599 0.35024 0.04414 0.07963
0.00007 0.96081 0.02183 0.01729
0.04046 0.51909 0.00257 0.43789
0.16853 0.17406 0.42992 0.22750

>ZBED2 ZBED2_GHTS_CHS
0.44630 0.40176 0.10104 0.05089
0.00157 0.99488 0.00199 0.00157
0.00157 0.00199 0.99488 0.00157
0.99445 0.00199 0.00199 0.00157
0.99445 0.00199 0.00199 0.00157
0.84568 0.15076 0.00199 0.00157
0.00157 0.99488 0.00199 0.00157
0.00157 0.94555 0.00199 0.05089
0.79714 0.05132 0.05132 0.10022
0.15073 0.34846 0.35125 0.14955

>ZBED2 ZBED2_GHTS_GHTS
0.28959 0.54793 0.09740 0.06509
0.00102 0.83650 0.00129 0.16119
0.03305 0.00129 0.96464 0.00102
0.99640 0.00129 0.00129 0.00102
0.96436 0.00129 0.00129 0.03305
0.77139 0.22630 0.00129 0.00102
0.00102 0.93260 0.00129 0.06509
0.00102 0.86853 0.00129 0.12916
0.67579 0.00129 0.19376 0.12916
0.38671 0.19376 0.22631 0.19323
0.22551 0.41800 0.35546 0.00102

>ZBED5 ZBED5_CHS_CHS
0.19888 0.26649 0.29747 0.23711
0.19189 0.22484 0.40393 0.17930
0.16111 0.22572 0.33057 0.28249
0.13977 0.19272 0.26768 0.39973
0.13625 0.29835 0.23799 0.32731
0.17888 0.38274 0.20955 0.22872
0.14464 0.38191 0.23457 0.23877
0.24975 0.40201 0.21561 0.13252
0.40569 0.23198 0.23520 0.12703
0.33710 0.25929 0.26846 0.13506
0.29374 0.33948 0.20152 0.16516
0.19095 0.37745 0.24753 0.18396
0.29850 0.12723 0.31876 0.25540
0.07066 0.06346 0.82236 0.04341
0.02259 0.02010 0.78977 0.16744
0.02228 0.02642 0.93079 0.02041
0.02844 0.02803 0.03145 0.91198
0.07481 0.09221 0.25866 0.57421
0.04414 0.90929 0.01606 0.03041
0.01466 0.92954 0.00772 0.04797
0.24307 0.32109 0.22266 0.21308
0.15407 0.29084 0.28058 0.27441
0.24338 0.15314 0.48713 0.11625
0.25742 0.14127 0.50433 0.09688
0.28426 0.22204 0.37502 0.11858
0.18355 0.27478 0.40356 0.13801
0.23136 0.43646 0.17344 0.15863
0.33130 0.31415 0.19810 0.15635
0.19318 0.42082 0.24758 0.13832
0.20976 0.37212 0.24364 0.17438

>ZBED5 ZBED5_CHS_GHTS
0.12653 0.59889 0.00001 0.27458
0.11688 0.51980 0.13850 0.22481
0.29465 0.26081 0.26915 0.17539
0.00000 0.26672 0.40417 0.32911
0.01233 0.00001 0.97053 0.01714
0.00000 0.00001 0.94316 0.05683
0.49038 0.32343 0.11374 0.07245
0.96496 0.00001 0.03503 0.00000
0.00000 0.95936 0.02416 0.01648
0.09759 0.86585 0.01910 0.01746
0.03533 0.87213 0.01964 0.07290
0.18309 0.40216 0.09967 0.31508
0.22676 0.22133 0.33443 0.21748
0.18021 0.21963 0.41131 0.18885
0.16231 0.30084 0.30576 0.23109
0.15234 0.28091 0.28696 0.27979

>ZBED5 ZBED5_GHTS_CHS
0.01503 0.00069 0.98391 0.00036
0.00036 0.00069 0.92517 0.07377
0.00036 0.00069 0.99858 0.00036
0.00036 0.00069 0.00069 0.99825
0.01503 0.00069 0.29414 0.69013
0.00036 0.99858 0.00069 0.00036
0.00036 0.99858 0.00069 0.00036
0.05904 0.03003 0.85188 0.05904
0.01503 0.45556 0.16206 0.36734
0.05904 0.07404 0.86655 0.00036
0.07371 0.01536 0.77854 0.13239
0.44069 0.27953 0.22073 0.05904
0.51410 0.13272 0.16206 0.19113
0.01503 0.60250 0.29408 0.08838

>ZBED5 ZBED5_GHTS_GHTS
0.35036 0.03947 0.57094 0.03923
0.00035 0.00059 0.98576 0.01331
0.01331 0.00059 0.88207 0.10404
0.00035 0.00059 0.99872 0.00035
0.00035 0.03947 0.00059 0.95960
0.00035 0.01355 0.31165 0.67445
0.02627 0.94687 0.02651 0.00035
0.00035 0.95983 0.00059 0.03923
0.00035 0.03947 0.88207 0.07812
0.01331 0.32468 0.19500 0.46701
0.07812 0.02651 0.85615 0.03923
0.12996 0.01355 0.81726 0.03923
0.45405 0.24691 0.19500 0.10404
0.50589 0.15612 0.16908 0.16891
0.03923 0.57100 0.33757 0.05219

>ZNF20 ZNF20_CHS_CHS
0.20597 0.33648 0.28931 0.16824
0.28145 0.37107 0.25786 0.08962
0.17767 0.27673 0.44025 0.10535
0.07075 0.67296 0.12736 0.12893
0.09591 0.47484 0.20912 0.22013
0.14465 0.48113 0.13365 0.24057
0.27044 0.22327 0.30031 0.20597
0.17138 0.39465 0.31761 0.11635
0.09906 0.27673 0.14623 0.47799
0.15252 0.45126 0.18239 0.21384
0.12421 0.36164 0.32862 0.18553
0.15094 0.49686 0.17296 0.17925
0.35535 0.26101 0.23113 0.15252
0.08805 0.57390 0.18868 0.14937
0.16352 0.19811 0.07547 0.56289
0.12107 0.36635 0.29403 0.21855
0.17138 0.16038 0.25314 0.41509
0.06447 0.29874 0.43396 0.20283
0.31918 0.08333 0.15252 0.44497
0.10220 0.01730 0.86006 0.02044
0.03302 0.09277 0.82704 0.04717
0.71698 0.11950 0.04245 0.12107
0.10692 0.01887 0.84748 0.02673
0.38679 0.08019 0.05503 0.47799
0.07390 0.02987 0.88836 0.00786
0.01572 0.15723 0.13365 0.69340
0.87893 0.04245 0.06604 0.01258
0.02201 0.80189 0.13050 0.04560
0.08019 0.06132 0.17138 0.68711
0.09119 0.12579 0.30975 0.47327

>ZNF20 ZNF20_CHS_GHTS
0.24804 0.32653 0.26845 0.15699
0.32182 0.29199 0.25275 0.13344
0.16954 0.28414 0.43642 0.10989
0.08320 0.59341 0.18053 0.14286
0.12716 0.55887 0.14443 0.16954
0.15071 0.38776 0.16641 0.29513
0.25432 0.25432 0.32496 0.16641
0.16484 0.47724 0.20251 0.15542
0.12716 0.23705 0.21978 0.41601
0.14286 0.49765 0.17739 0.18210
0.13187 0.41287 0.20094 0.25432
0.11931 0.48509 0.18210 0.21350
0.38932 0.21507 0.24019 0.15542
0.07535 0.62323 0.11774 0.18367
0.10832 0.19466 0.08948 0.60754
0.14286 0.40816 0.18995 0.25903
0.17739 0.13972 0.22606 0.45683
0.06907 0.22920 0.51177 0.18995
0.39717 0.08791 0.12716 0.38776
0.09733 0.02983 0.83359 0.03925
0.02041 0.10204 0.83046 0.04710
0.67347 0.11460 0.04867 0.16327
0.11931 0.01570 0.84929 0.01570
0.39560 0.09890 0.04867 0.45683
0.06907 0.02669 0.88697 0.01727
0.01884 0.08163 0.10361 0.79592
0.90581 0.03297 0.04396 0.01727
0.00942 0.86499 0.08006 0.04553
0.13187 0.07064 0.09733 0.70016
0.10989 0.12559 0.24333 0.52119

>ZNF20 ZNF20_GHTS_CHS
0.00790 0.01405 0.01141 0.96664
0.91220 0.01668 0.06497 0.00615
0.01054 0.90430 0.01054 0.07463
0.37138 0.03512 0.12028 0.47322
0.00439 0.85426 0.00702 0.13433
0.17296 0.01932 0.10975 0.69798
0.02107 0.88060 0.08780 0.01054
0.01844 0.89464 0.01141 0.07550
0.30465 0.07902 0.06497 0.55136
0.24583 0.48815 0.19052 0.07550
0.45215 0.21861 0.09658 0.23266
0.29148 0.13257 0.36172 0.21422
0.63740 0.09219 0.15189 0.11853
0.20896 0.13345 0.57594 0.08165
0.17471 0.22125 0.21247 0.39157
0.24583 0.21335 0.39157 0.14925
0.24671 0.21773 0.35909 0.17647
0.22476 0.20369 0.37928 0.19227
0.35909 0.20896 0.24144 0.19052
0.21071 0.18876 0.38630 0.21422
0.19842 0.28007 0.28270 0.23881
0.24934 0.17559 0.36699 0.20808
0.20018 0.17120 0.43810 0.19052
0.19754 0.20632 0.43020 0.16594
0.18613 0.37226 0.24232 0.19930
0.16857 0.23090 0.25198 0.34855
0.18349 0.27568 0.29148 0.24934
0.25988 0.22827 0.28973 0.22212
0.29061 0.23178 0.23968 0.23793
0.19666 0.20983 0.32660 0.26690

>ZNF20 ZNF20_GHTS_GHTS
0.40701 0.25206 0.13844 0.20248
0.56504 0.20765 0.11985 0.10746
0.70552 0.04238 0.04342 0.20868
0.02379 0.00417 0.97200 0.00004
0.00623 0.01656 0.00417 0.97303
0.92449 0.00624 0.06201 0.00727
0.00210 0.91829 0.00727 0.07234
0.37293 0.02999 0.11469 0.48239
0.00004 0.86252 0.00417 0.13328
0.17356 0.00933 0.11365 0.70345
0.01450 0.89763 0.07647 0.01140
0.01243 0.92242 0.00830 0.05685
0.31096 0.06511 0.05168 0.57225
0.24690 0.49894 0.18389 0.07027
0.46589 0.19939 0.09713 0.23760
0.29544 0.12088 0.37396 0.20971
0.65283 0.07337 0.15807 0.11573
0.20764 0.12915 0.58570 0.07750
0.17769 0.20868 0.20765 0.40598
0.24380 0.21178 0.38429 0.16013
0.25413 0.20868 0.36983 0.16736
0.22314 0.20661 0.37809 0.19215
0.35640 0.21281 0.24173 0.18906
0.22107 0.18182 0.38946 0.20765
0.19628 0.29339 0.26342 0.24690
0.26033 0.16943 0.35226 0.21798
0.20661 0.16633 0.43284 0.19422
0.19525 0.20042 0.44007 0.16427
0.19422 0.38945 0.21901 0.19732
0.17253 0.22315 0.25412 0.35020

>ZNF251 ZNF251_CHS_CHS
0.36672 0.06982 0.33275 0.23070
0.18549 0.05471 0.66787 0.09193
0.51536 0.19810 0.14726 0.13927
0.26705 0.35798 0.16238 0.21259
0.73220 0.06857 0.07919 0.12003
0.22770 0.32913 0.16775 0.27542
0.18886 0.12528 0.25568 0.43018
0.27592 0.05234 0.59343 0.07832
0.05521 0.39445 0.04347 0.50687
0.04409 0.01087 0.92618 0.01886
0.02611 0.59231 0.03922 0.34237
0.04209 0.11591 0.01986 0.82213
0.66762 0.14652 0.08631 0.09955
0.90545 0.02661 0.03672 0.03123
0.08793 0.21346 0.66225 0.03635
0.08606 0.13352 0.08406 0.69635
0.05621 0.06370 0.83725 0.04284
0.55346 0.33875 0.04322 0.06458
0.65151 0.11391 0.12853 0.10605
0.67849 0.12790 0.10779 0.08581
0.23532 0.22633 0.27604 0.26230
0.56345 0.14414 0.17287 0.11954
0.46865 0.13627 0.26168 0.13340
0.19211 0.22596 0.45054 0.13140
0.15189 0.49763 0.16563 0.18486
0.22158 0.45491 0.17987 0.14364
0.49725 0.19523 0.15676 0.15076
0.21559 0.20110 0.39458 0.18873
0.24057 0.16325 0.30227 0.29390
0.19298 0.49650 0.14876 0.16175

>ZNF251 ZNF251_CHS_GHTS
0.28154 0.31002 0.19848 0.20997
0.22133 0.38559 0.21846 0.17462
0.20984 0.18236 0.16613 0.44167
0.22583 0.18673 0.29403 0.29340
0.29166 0.15114 0.39645 0.16075
0.51699 0.19835 0.16750 0.11716
0.36672 0.06982 0.33275 0.23070
0.18549 0.05471 0.66787 0.09193
0.51536 0.19810 0.14726 0.13927
0.26705 0.35798 0.16238 0.21259
0.73220 0.06857 0.07919 0.12003
0.22770 0.32913 0.16775 0.27542
0.18886 0.12528 0.25568 0.43018
0.27592 0.05234 0.59343 0.07832
0.05521 0.39445 0.04347 0.50687
0.04409 0.01087 0.92618 0.01886
0.02611 0.59231 0.03922 0.34237
0.04209 0.11591 0.01986 0.82213
0.66762 0.14652 0.08631 0.09955
0.90545 0.02661 0.03672 0.03123
0.08793 0.21346 0.66225 0.03635
0.08606 0.13352 0.08406 0.69635
0.05621 0.06370 0.83725 0.04284
0.55346 0.33875 0.04322 0.06458
0.65151 0.11391 0.12853 0.10605
0.67849 0.12790 0.10779 0.08581
0.23532 0.22633 0.27604 0.26230
0.56345 0.14414 0.17287 0.11954
0.46865 0.13627 0.26168 0.13340
0.19211 0.22596 0.45054 0.13140

>ZNF251 ZNF251_GHTS_CHS
0.00917 0.28593 0.01370 0.69120
0.00498 0.00002 0.99498 0.00003
0.00895 0.60254 0.00311 0.38539
0.00498 0.02468 0.00002 0.97032
0.92470 0.01737 0.04924 0.00869
0.99808 0.00126 0.00064 0.00003
0.03485 0.04414 0.92099 0.00003
0.00920 0.05041 0.01364 0.92675
0.01485 0.00028 0.98485 0.00003
0.81731 0.14758 0.00796 0.02715
0.85685 0.02457 0.05943 0.05914
0.88925 0.02343 0.03623 0.05110

>ZNF251 ZNF251_GHTS_GHTS
0.24906 0.36116 0.17636 0.21341
0.07739 0.05582 0.04456 0.82223
0.08068 0.07645 0.04737 0.79550
0.04831 0.02017 0.19606 0.73546
0.02345 0.92730 0.01595 0.03330
0.87383 0.02814 0.06707 0.03096
0.00938 0.84850 0.09193 0.05019
0.00516 0.00563 0.00422 0.98499
0.03659 0.04644 0.03752 0.87946
0.93011 0.00563 0.04644 0.01782
0.38696 0.00610 0.59756 0.00938
0.00610 0.97889 0.00188 0.01313
0.63133 0.02580 0.32036 0.02251
0.07739 0.51501 0.02392 0.38368
0.49859 0.21482 0.15994 0.12664
0.39540 0.13039 0.28987 0.18433
0.07505 0.03846 0.03189 0.85460
0.20638 0.09240 0.47233 0.22889
0.11023 0.18527 0.11069 0.59381
0.10366 0.60178 0.05019 0.24437
0.21670 0.33818 0.05582 0.38931
0.11304 0.16229 0.12336 0.60131
0.13837 0.42026 0.18011 0.26126
0.37289 0.27158 0.18856 0.16698
0.57129 0.10272 0.16276 0.16323
0.15432 0.15619 0.48827 0.20122
0.23077 0.16463 0.37195 0.23265
0.17402 0.16135 0.11257 0.55206
0.13790 0.25188 0.10413 0.50610
0.13837 0.52814 0.12242 0.21107

>ZNF367 ZNF367_CHS_CHS
0.07858 0.06919 0.69024 0.16199
0.20361 0.37868 0.33333 0.08437
0.05490 0.62196 0.12268 0.20046
0.42178 0.46336 0.00942 0.10543
0.00000 0.00000 0.00050 0.99949
0.00000 0.00000 0.00000 0.99999
0.00000 0.00123 0.00161 0.99716
0.99658 0.00050 0.00291 0.00000
0.98727 0.00858 0.00020 0.00395
0.74987 0.11174 0.03054 0.10785
0.28852 0.20667 0.10839 0.39642
0.37096 0.21414 0.13905 0.27585

>ZNF367 ZNF367_CHS_GHTS
0.09711 0.03247 0.10946 0.76097
0.00083 0.00134 0.00539 0.99244
0.00000 0.00221 0.00106 0.99673
0.99577 0.00340 0.00083 0.00000
0.99708 0.00012 0.00085 0.00195
0.99936 0.00063 0.00000 0.00000
0.09391 0.01125 0.46663 0.42822
0.22030 0.09864 0.64169 0.03937
0.07854 0.28754 0.39663 0.23728
0.20560 0.64051 0.07439 0.07950
0.31430 0.35880 0.05631 0.27059
0.33750 0.22115 0.17561 0.26574

>ZNF367 ZNF367_GHTS_CHS
0.53396 0.12924 0.22166 0.11514
0.08124 0.00988 0.10815 0.80074
0.00130 0.00002 0.00256 0.99613
0.00003 0.00002 0.00002 0.99994
0.99994 0.00002 0.00002 0.00003
0.99994 0.00002 0.00002 0.00003
0.99994 0.00002 0.00002 0.00003
0.08666 0.00065 0.54338 0.36931
0.11245 0.05605 0.81591 0.01558
0.05982 0.21012 0.55543 0.17462
0.32068 0.60696 0.02159 0.05077
0.33899 0.42924 0.03259 0.19919

>ZNF367 ZNF367_GHTS_GHTS
0.21180 0.02891 0.42482 0.33447
0.04800 0.03132 0.60220 0.31848
0.16959 0.56003 0.21093 0.05945
0.01693 0.82601 0.05617 0.10089
0.34352 0.56036 0.00056 0.09556
0.00002 0.00002 0.00002 0.99994
0.00002 0.00002 0.00002 0.99994
0.00002 0.00002 0.00002 0.99994
0.99994 0.00002 0.00002 0.00002
0.99722 0.00274 0.00002 0.00002
0.80857 0.09979 0.01201 0.07963
0.14037 0.19925 0.13372 0.52666
0.20721 0.26698 0.28544 0.24037
0.21316 0.22827 0.18975 0.36882
0.17776 0.20665 0.19270 0.42288
0.40107 0.16653 0.20993 0.22247
0.35728 0.19523 0.17580 0.27169
0.41149 0.16903 0.17084 0.24864

>ZNF395 ZNF395_CHS_CHS
0.25843 0.15955 0.47640 0.10562
0.30337 0.23146 0.42022 0.04494
0.22247 0.19101 0.43146 0.15506
0.19101 0.24270 0.33483 0.23146
0.15506 0.55281 0.22472 0.06742
0.16180 0.44944 0.22472 0.16404
0.23596 0.13933 0.50112 0.12360
0.11011 0.09438 0.69663 0.09888
0.09888 0.15056 0.70562 0.04494
0.37528 0.48090 0.05169 0.09213
0.21798 0.06067 0.69438 0.02697
0.09663 0.03820 0.82247 0.04270
0.28090 0.48090 0.14382 0.09438
0.13034 0.14157 0.67191 0.05618
0.13708 0.09888 0.74382 0.02022
0.03596 0.87191 0.02247 0.06966
0.12135 0.02022 0.78427 0.07416
0.01798 0.06292 0.89888 0.02022
0.21573 0.48989 0.16854 0.12584
0.22697 0.04944 0.58652 0.13708
0.06742 0.30112 0.59551 0.03596
0.07865 0.81348 0.07191 0.03596
0.08989 0.13708 0.60449 0.16854
0.08090 0.17079 0.73034 0.01798
0.10337 0.62472 0.24045 0.03146
0.16629 0.08090 0.43146 0.32135
0.05393 0.16404 0.69663 0.08539
0.11685 0.38876 0.31011 0.18427
0.14607 0.18202 0.56180 0.11011
0.14831 0.10337 0.56180 0.18652

>ZNF395 ZNF395_CHS_GHTS
0.14615 0.71365 0.02610 0.11409
0.04214 0.26687 0.10407 0.58692
0.00008 0.53101 0.38244 0.08648
0.06062 0.87855 0.03250 0.02833
0.00008 0.99963 0.00021 0.00008
0.00008 0.00021 0.98752 0.01218
0.00411 0.37130 0.58415 0.04044
0.00008 0.82273 0.00021 0.17698
0.18377 0.10517 0.35549 0.35557
0.04851 0.73512 0.05032 0.16605
0.01622 0.77190 0.01636 0.19552
0.14732 0.10516 0.59705 0.15047

>ZNF395 ZNF395_GHTS_CHS
0.00024 0.99891 0.00060 0.00024
0.00024 0.99891 0.00060 0.00024
0.00024 0.00060 0.99891 0.00024
0.00024 0.02409 0.97542 0.00024
0.00024 0.99891 0.00060 0.00024
0.00024 0.99891 0.00060 0.00024
0.00024 0.00060 0.99891 0.00024
0.00024 0.00060 0.99891 0.00024
0.00024 0.88148 0.00060 0.11767
0.16464 0.11803 0.39985 0.31748
0.12941 0.28243 0.37649 0.21167
0.09419 0.61128 0.24732 0.04722
0.07070 0.20023 0.37649 0.35258
0.04722 0.55263 0.30597 0.09419
0.09419 0.61134 0.09454 0.19993
0.10593 0.27074 0.47043 0.15290

>ZNF395 ZNF395_GHTS_GHTS
0.20988 0.24074 0.48148 0.06790
0.14198 0.25309 0.37037 0.23457
0.21605 0.38272 0.25309 0.14815
0.17901 0.18519 0.45679 0.17901
0.08642 0.33951 0.34568 0.22840
0.28395 0.32716 0.27778 0.11111
0.06790 0.59259 0.25926 0.08025
0.18519 0.46914 0.15432 0.19136
0.11111 0.16667 0.48765 0.23457
0.09259 0.01235 0.87654 0.01852
0.01852 0.91358 0.01852 0.04938
0.03086 0.83951 0.06173 0.06790
0.01235 0.00617 0.87037 0.11111
0.04938 0.02469 0.89506 0.03086
0.01235 0.89506 0.03704 0.05556
0.07407 0.76543 0.06173 0.09877
0.04938 0.01852 0.89506 0.03704
0.01235 0.01852 0.94444 0.02469
0.01852 0.71605 0.09877 0.16667
0.36420 0.09259 0.30247 0.24074
0.22840 0.32716 0.17901 0.26543
0.14198 0.35802 0.19753 0.30247
0.16667 0.18519 0.43210 0.21605
0.16667 0.39506 0.27778 0.16049
0.19136 0.35185 0.22840 0.22840
0.17901 0.29630 0.41975 0.10494
0.20370 0.27778 0.20370 0.31481
0.10494 0.33951 0.45679 0.09877
0.19136 0.20370 0.35185 0.25309
0.24691 0.34568 0.35185 0.05556

>ZNF493 ZNF493_CHS_CHS
0.20635 0.01587 0.71958 0.05820
0.02116 0.01587 0.95238 0.01058
0.15873 0.02116 0.81481 0.00529
0.46032 0.48677 0.02646 0.02646
0.94180 0.01587 0.03704 0.00529
0.01058 0.92063 0.04233 0.02646
0.01587 0.05820 0.04233 0.88360
0.04762 0.01058 0.90476 0.03704
0.12169 0.06878 0.52381 0.28571
0.06349 0.17989 0.23280 0.52381
0.13228 0.73016 0.03704 0.10053
0.06349 0.09524 0.07407 0.76720
0.06349 0.03704 0.86772 0.03175
0.00529 0.01587 0.91534 0.06349
0.24339 0.12169 0.57672 0.05820
0.16402 0.10582 0.17460 0.55556
0.05291 0.06349 0.74074 0.14286
0.12169 0.62963 0.17460 0.07407
0.08466 0.54497 0.06349 0.30688
0.10053 0.43386 0.20106 0.26455
0.11640 0.11640 0.26984 0.49735
0.08466 0.10053 0.75132 0.06349
0.08995 0.17989 0.64550 0.08466
0.21693 0.49206 0.15344 0.13757
0.10582 0.13228 0.21693 0.54497
0.15344 0.16402 0.25926 0.42328
0.33862 0.30688 0.18519 0.16931
0.24339 0.47090 0.14815 0.13757
0.34921 0.21693 0.25926 0.17460
0.17460 0.27513 0.38624 0.16402

>ZNF493 ZNF493_CHS_GHTS
0.44198 0.26804 0.12332 0.16665
0.58671 0.19568 0.11608 0.10153
0.13771 0.15227 0.51443 0.19560
0.09429 0.67363 0.13056 0.10153
0.03640 0.82559 0.06543 0.07258
0.49987 0.28252 0.10885 0.10876
0.24628 0.19568 0.46374 0.09429
0.31138 0.05096 0.56508 0.07258
0.07982 0.13056 0.69534 0.09429
0.09439 0.80378 0.05819 0.04364
0.65183 0.18121 0.10885 0.05811
0.07258 0.57232 0.07990 0.27520
0.02193 0.97031 0.00754 0.00022
0.00745 0.91242 0.02925 0.05087
0.81103 0.04372 0.07990 0.06535
0.05087 0.02201 0.80388 0.12324
0.56500 0.20292 0.18121 0.05087
0.31138 0.55785 0.00030 0.13047
0.00022 0.97755 0.00754 0.01469
0.97023 0.02925 0.00030 0.00022
0.01469 0.00030 0.98479 0.00022
0.00022 0.02201 0.00030 0.97747
0.02193 0.02925 0.50684 0.44198
0.00022 0.90516 0.01477 0.07985
0.00745 0.96308 0.00754 0.02193
0.00745 0.81826 0.00754 0.16675
0.48518 0.09438 0.28274 0.13771
0.12324 0.23186 0.18121 0.46369
0.50711 0.21739 0.07990 0.19560
0.19560 0.41312 0.20292 0.18836

>ZNF493 ZNF493_GHTS_CHS
0.16820 0.10837 0.59119 0.13224
0.09628 0.79497 0.04843 0.06032
0.07230 0.83093 0.04843 0.04833
0.54314 0.27619 0.08439 0.09628
0.19254 0.18029 0.48294 0.14423
0.27609 0.06042 0.61517 0.04833
0.07230 0.10837 0.73504 0.08429
0.04833 0.87888 0.02446 0.04833
0.79487 0.08439 0.03644 0.08429
0.06032 0.69908 0.01247 0.22814
0.01237 0.98677 0.00048 0.00038
0.00038 0.95081 0.01247 0.03634
0.83083 0.01247 0.06042 0.09628
0.04833 0.00048 0.89087 0.06032
0.63904 0.18029 0.18029 0.00038
0.36000 0.51927 0.00048 0.12025
0.00038 0.97478 0.01247 0.01237
0.98667 0.00048 0.01247 0.00038
0.00038 0.00048 0.99875 0.00038
0.00038 0.02446 0.00048 0.97468
0.00038 0.01247 0.47997 0.50718
0.00038 0.87852 0.04843 0.07267
0.00038 0.98677 0.00048 0.01237
0.02436 0.80678 0.02446 0.14441

>ZNF493 ZNF493_GHTS_GHTS
0.17683 0.64634 0.10366 0.07317
0.39634 0.31098 0.13415 0.15854
0.26220 0.21951 0.38415 0.13415
0.29268 0.11585 0.47561 0.11585
0.06707 0.20732 0.59146 0.13415
0.06098 0.78659 0.04268 0.10976
0.68293 0.07317 0.09146 0.15244
0.07927 0.59756 0.06707 0.25610
0.07927 0.81098 0.10366 0.00610
0.16463 0.76829 0.02439 0.04268
0.56707 0.09146 0.15854 0.18293
0.07927 0.15244 0.60976 0.15854
0.58537 0.16463 0.19512 0.05488
0.23780 0.56707 0.01220 0.18293
0.03049 0.80488 0.10366 0.06098
0.79878 0.05488 0.03659 0.10976
0.00610 0.10366 0.84146 0.04878
0.03049 0.15854 0.03049 0.78049
0.03659 0.01829 0.53049 0.41463
0.00610 0.85366 0.01829 0.12195
0.01220 0.80488 0.01220 0.17073
0.16463 0.63415 0.06707 0.13415
0.45732 0.22561 0.16463 0.15244
0.07317 0.24390 0.19512 0.48780
0.41463 0.16463 0.12195 0.29878
0.14634 0.42073 0.29878 0.13415
0.46951 0.31098 0.10366 0.11585
0.25610 0.17683 0.18293 0.38415
0.39024 0.19512 0.21341 0.20122
0.18293 0.30488 0.39634 0.11585

>ZNF518B ZNF518B_CHS_CHS
0.16053 0.44621 0.15748 0.23579
0.23057 0.04468 0.18597 0.53878
0.12119 0.00001 0.87551 0.00329
0.00001 0.00001 0.00001 0.99997
0.98713 0.00547 0.00739 0.00001
0.00001 0.00001 0.99997 0.00001
0.66822 0.01367 0.20701 0.11110
0.27199 0.12785 0.16451 0.43565
0.24776 0.18896 0.28347 0.27981
0.11274 0.27211 0.03937 0.57578
0.00001 0.98712 0.00438 0.00848
0.03857 0.27558 0.02898 0.65687
0.83955 0.09334 0.01996 0.04714
0.10290 0.32352 0.04741 0.52617
0.13456 0.23969 0.12859 0.49716

>ZNF518B ZNF518B_CHS_GHTS
0.12004 0.00001 0.87993 0.00001
0.00001 0.00001 0.00001 0.99996
0.97958 0.01064 0.00976 0.00001
0.00001 0.00001 0.99996 0.00001
0.70290 0.01121 0.16864 0.11725
0.23314 0.07790 0.18208 0.50688
0.19354 0.17174 0.35513 0.27959
0.11041 0.25725 0.02076 0.61158
0.00012 0.99645 0.00224 0.00118
0.01093 0.24241 0.02760 0.71907

>ZNF518B ZNF518B_GHTS_CHS
0.18649 0.00115 0.81176 0.00060
0.00004 0.00004 0.00004 0.99988
0.98431 0.00060 0.01505 0.00004
0.00060 0.00060 0.99877 0.00004
0.75061 0.00060 0.20197 0.04683
0.20177 0.25937 0.14923 0.38963
0.38963 0.14923 0.25937 0.20177
0.04683 0.20197 0.00060 0.75061
0.00004 0.99877 0.00060 0.00060
0.00004 0.01505 0.00060 0.98431
0.99988 0.00004 0.00004 0.00004
0.00060 0.81176 0.00115 0.18649

>ZNF518B ZNF518B_GHTS_GHTS
0.16804 0.09752 0.47562 0.25881
0.21155 0.14329 0.25581 0.38935
0.10428 0.13353 0.56489 0.19730
0.24831 0.16054 0.44561 0.14554
0.33983 0.13353 0.23781 0.28882
0.14554 0.21755 0.34809 0.28882
0.14329 0.24681 0.28582 0.32408
0.14479 0.28507 0.17254 0.39760
0.29407 0.02551 0.31808 0.36234
0.21380 0.00375 0.76969 0.01275
0.00375 0.00900 0.04126 0.94599
0.85296 0.00450 0.13953 0.00300
0.00750 0.01050 0.90848 0.07352
0.60465 0.00750 0.28132 0.10653
0.17479 0.24831 0.25581 0.32108
0.41485 0.10503 0.29632 0.18380
0.05626 0.17179 0.05476 0.71718
0.00225 0.78920 0.20330 0.00525
0.00225 0.01125 0.13953 0.84696
0.87097 0.00225 0.07727 0.04951
0.00525 0.80120 0.11028 0.08327
0.42761 0.06902 0.22356 0.27982
0.20030 0.13503 0.38860 0.27607
0.29482 0.11553 0.42011 0.16954
0.29857 0.07127 0.44036 0.18980
0.15979 0.32633 0.14554 0.36834
0.22581 0.20180 0.28732 0.28507
0.14854 0.22731 0.32183 0.30233
0.11853 0.10503 0.31883 0.45761
0.12153 0.35034 0.35184 0.17629

>ZNF648 ZNF648_CHS_CHS
0.15041 0.34611 0.33914 0.16434
0.10744 0.49708 0.22184 0.17363
0.10163 0.43437 0.15739 0.30661
0.07666 0.55167 0.17481 0.19686
0.07840 0.59348 0.15042 0.17770
0.28338 0.28223 0.31940 0.11499
0.12660 0.13184 0.68812 0.05344
0.04182 0.25611 0.48257 0.21951
0.01047 0.97091 0.00816 0.01047
0.00408 0.00003 0.05926 0.93664
0.00059 0.85187 0.01919 0.12834
0.01047 0.98020 0.00409 0.00524
0.01279 0.84200 0.05287 0.09234
0.01511 0.93317 0.02093 0.03079
0.03892 0.42218 0.03139 0.50752
0.15738 0.29791 0.06216 0.48255
0.10105 0.79207 0.02384 0.08305
0.10976 0.64864 0.04764 0.19396
0.13996 0.50637 0.16784 0.18583
0.13183 0.48663 0.18410 0.19744
0.13589 0.43727 0.23172 0.19512
0.12660 0.44076 0.20617 0.22648
0.11383 0.48082 0.22707 0.17828
0.11150 0.47850 0.20500 0.20499

>ZNF648 ZNF648_CHS_GHTS
0.19067 0.08107 0.60734 0.12092
0.29937 0.07790 0.48913 0.13361
0.35417 0.08016 0.45516 0.11051
0.25861 0.05752 0.58560 0.09828
0.19384 0.05118 0.72736 0.02763
0.09058 0.04620 0.84601 0.01721
0.19067 0.01721 0.77853 0.01359
0.44928 0.06476 0.46377 0.02219
0.35824 0.08379 0.51313 0.04484
0.24321 0.24683 0.46739 0.04257
0.14900 0.33605 0.43433 0.08062
0.18116 0.37817 0.27264 0.16803
0.15217 0.20562 0.50996 0.13225
0.19882 0.20018 0.45924 0.14176
0.25498 0.15444 0.50091 0.08967
0.18342 0.14402 0.58424 0.08832
0.17889 0.28261 0.43207 0.10643
0.22192 0.32382 0.33650 0.11775
0.23053 0.16440 0.50815 0.09692
0.17708 0.30299 0.43297 0.08696
0.17029 0.52129 0.15670 0.15172
0.12274 0.13904 0.67391 0.06431
0.01902 0.85870 0.11413 0.00815
0.03442 0.05616 0.15172 0.75770
0.01902 0.04348 0.91848 0.01902
0.35688 0.12002 0.38678 0.13632
0.07428 0.50000 0.30163 0.12409
0.06522 0.63768 0.19656 0.10054
0.20697 0.41304 0.24728 0.13270
0.07835 0.61730 0.17889 0.12545

>ZNF648 ZNF648_GHTS_CHS
0.13141 0.10825 0.54122 0.21912
0.02034 0.39398 0.38356 0.20212
0.00519 0.99445 0.00022 0.00014
0.00014 0.00022 0.12348 0.87616
0.00519 0.77547 0.02546 0.19388
0.00014 0.97425 0.01032 0.01529
0.00014 0.92099 0.02138 0.05748
0.00519 0.92295 0.00736 0.06449
0.00981 0.50754 0.06080 0.42186
0.18439 0.24268 0.03260 0.54034
0.07081 0.79044 0.08308 0.05567
0.06742 0.75132 0.01032 0.17094

>ZNF648 ZNF648_GHTS_GHTS
0.40023 0.18897 0.30869 0.09977
0.46714 0.10446 0.18427 0.24178
0.09624 0.15023 0.72418 0.02700
0.18310 0.02113 0.77817 0.01526
0.07277 0.17488 0.46948 0.28052
0.39202 0.02230 0.57394 0.00939
0.46948 0.26056 0.25469 0.01291
0.38028 0.01643 0.37559 0.22535
0.09390 0.37207 0.51291 0.01878
0.40845 0.25235 0.26526 0.07160
0.14085 0.36972 0.11268 0.37441
0.34742 0.06925 0.51174 0.06925
0.14906 0.25117 0.52934 0.06808
0.32629 0.21831 0.19718 0.25587
0.21127 0.14671 0.54930 0.09038
0.17606 0.33803 0.41784 0.06573
0.28991 0.21714 0.14085 0.35094
0.25000 0.25469 0.43897 0.05516
0.34390 0.22418 0.37324 0.05751
0.19014 0.41197 0.10211 0.29460
0.20305 0.17723 0.57629 0.04225
0.11854 0.58099 0.28521 0.01408
0.04695 0.11033 0.03404 0.80751
0.15962 0.02817 0.80282 0.00822
0.25235 0.30634 0.34390 0.09624
0.29930 0.35329 0.13380 0.21244
0.02465 0.59742 0.33685 0.03991
0.50939 0.13380 0.27934 0.07629
0.07512 0.60681 0.07746 0.23944
0.41667 0.15845 0.31338 0.11033

