>GABPA GABPA_CHS_CHS
0.11656 0.54924 0.15671 0.17750
0.70518 0.04447 0.21230 0.03805
0.00293 0.85079 0.04119 0.10509
0.04884 0.00259 0.00981 0.93876
0.00427 0.00004 0.00004 0.99565
0.00087 0.99907 0.00004 0.00002
0.00548 0.98617 0.00004 0.00831
0.00087 0.00626 0.87839 0.11448
0.01253 0.14329 0.79977 0.04441
0.05752 0.34540 0.17810 0.41898

>GABPA GABPA_CHS_GHTS
0.38916 0.19516 0.35482 0.06086
0.03889 0.81603 0.13881 0.00626
0.12624 0.86804 0.00571 0.00001
0.01081 0.00173 0.97721 0.01024
0.00001 0.00060 0.99881 0.00058
0.99993 0.00003 0.00003 0.00001
0.94538 0.00855 0.00287 0.04320
0.17588 0.02721 0.79633 0.00058
0.04950 0.28467 0.08749 0.57834
0.18291 0.12746 0.55783 0.13180
0.23191 0.25091 0.45371 0.06347
0.18181 0.37925 0.29865 0.14030
0.17309 0.24683 0.39834 0.18174

>GABPA GABPA_GHTS_CHS
0.61525 0.06947 0.28867 0.02661
0.02085 0.90434 0.07302 0.00179
0.16511 0.83352 0.00135 0.00001
0.00330 0.00135 0.99401 0.00134
0.00046 0.00090 0.99818 0.00046
0.99640 0.00268 0.00002 0.00090
0.96315 0.00490 0.00135 0.03060
0.08638 0.00951 0.90320 0.00090
0.02351 0.21244 0.03017 0.73388
0.16648 0.17602 0.47846 0.17905
0.26480 0.23727 0.43087 0.06706
0.27053 0.29815 0.25239 0.17893
0.24216 0.20077 0.32912 0.22795
0.19970 0.24129 0.35236 0.20665

>GABPA GABPA_GHTS_GHTS
0.18921 0.29546 0.34941 0.16592
0.19698 0.25950 0.36248 0.18104
0.22885 0.27953 0.29587 0.19575
0.26277 0.28239 0.27626 0.17859
0.19412 0.27993 0.36657 0.15938
0.21577 0.26849 0.35840 0.15734
0.24520 0.28974 0.28688 0.17818
0.26195 0.26808 0.31957 0.15039
0.20964 0.23294 0.36535 0.19207
0.18186 0.25950 0.36248 0.19616
0.24070 0.31835 0.29669 0.14426
0.27585 0.30895 0.21659 0.19861
0.17041 0.31549 0.35022 0.16387
0.17327 0.32652 0.35309 0.14712
0.24479 0.27707 0.26359 0.21455
0.26767 0.26972 0.30609 0.15652
0.15407 0.33020 0.35022 0.16551
0.17981 0.35268 0.29424 0.17327
0.23457 0.30854 0.30241 0.15447
0.35799 0.25664 0.23662 0.14875
0.26114 0.22803 0.39477 0.11606
0.53617 0.07601 0.36289 0.02493
0.06212 0.89211 0.04536 0.00041
0.17164 0.82714 0.00041 0.00082
0.00123 0.00123 0.99673 0.00082
0.00041 0.00041 0.99877 0.00041
0.99714 0.00082 0.00123 0.00082
0.97548 0.00204 0.00286 0.01962
0.04945 0.00368 0.94647 0.00041
0.00899 0.15407 0.08582 0.75112

>PRDM5 PRDM5_CHS_CHS
0.41095 0.13739 0.30698 0.14467
0.22455 0.22645 0.45653 0.09247
0.29043 0.29695 0.39258 0.02005
0.17796 0.27257 0.09748 0.45199
0.01854 0.00493 0.96595 0.01058
0.00717 0.01017 0.97236 0.01030
0.73163 0.03387 0.07138 0.16313
0.08069 0.01236 0.82506 0.08189
0.39828 0.20518 0.34275 0.05378
0.20330 0.17733 0.17491 0.44446
0.06948 0.59478 0.09795 0.23779
0.40903 0.20455 0.33399 0.05243
0.30542 0.08583 0.48270 0.12605
0.02870 0.00863 0.95179 0.01087
0.04406 0.04450 0.64583 0.26561
0.16419 0.17733 0.07894 0.57953
0.26983 0.19764 0.30571 0.22682
0.30227 0.31874 0.21459 0.16440
0.20403 0.20711 0.40034 0.18852
0.19832 0.28493 0.36846 0.14829
0.26162 0.28623 0.31470 0.13745
0.22856 0.19415 0.36843 0.20885
0.28438 0.19287 0.35438 0.16837
0.17681 0.19551 0.39628 0.23140
0.30865 0.23054 0.24282 0.21798
0.18961 0.22851 0.31001 0.27187
0.23998 0.28918 0.26634 0.20450
0.22958 0.21670 0.36603 0.18768
0.22669 0.29145 0.25938 0.22249
0.21946 0.26561 0.33866 0.17627

>PRDM5 PRDM5_CHS_GHTS
0.18173 0.30066 0.33473 0.18288
0.20185 0.14560 0.49049 0.16206
0.20138 0.27615 0.36527 0.15720
0.13238 0.19516 0.39435 0.27811
0.19208 0.25786 0.26547 0.28459
0.17329 0.22061 0.36127 0.24483
0.21909 0.36208 0.29564 0.12318
0.30087 0.29993 0.23555 0.16365
0.25118 0.30345 0.29920 0.14618
0.18952 0.23777 0.45710 0.11561
0.21021 0.21389 0.40553 0.17037
0.23728 0.22910 0.39022 0.14341
0.16128 0.33818 0.34925 0.15130
0.24005 0.31286 0.26042 0.18667
0.35777 0.12277 0.38416 0.13531
0.25475 0.22317 0.44375 0.07833
0.31322 0.27338 0.38964 0.02375
0.17896 0.28386 0.11731 0.41987
0.03119 0.01419 0.93090 0.02372
0.01876 0.02383 0.93910 0.01831
0.65312 0.06171 0.09236 0.19281
0.08136 0.03454 0.81788 0.06623
0.41917 0.20475 0.31673 0.05936
0.22845 0.07911 0.29201 0.40043
0.06926 0.69728 0.04413 0.18934
0.46901 0.18834 0.27866 0.06398
0.24710 0.07015 0.51646 0.16629
0.02618 0.01970 0.91062 0.04350
0.02372 0.03710 0.61916 0.32002
0.13941 0.20438 0.10309 0.55311

>PRDM5 PRDM5_GHTS_CHS
0.00004 0.00006 0.99985 0.00004
0.00004 0.00006 0.99985 0.00004
0.67324 0.01147 0.04427 0.27102
0.07411 0.01004 0.88383 0.03201
0.46240 0.12985 0.36492 0.04283
0.20974 0.21501 0.16467 0.41058
0.11764 0.62978 0.13925 0.11332
0.60800 0.17668 0.20244 0.01288
0.41766 0.00006 0.37522 0.20706
0.00290 0.00006 0.99700 0.00004
0.01431 0.02431 0.76820 0.19319
0.19949 0.17757 0.10168 0.52126
0.32929 0.14186 0.36132 0.16752

>PRDM5 PRDM5_GHTS_GHTS
0.59080 0.18725 0.11461 0.10654
0.31800 0.56901 0.05488 0.05650
0.02502 0.93301 0.01695 0.02341
0.28733 0.41243 0.01937 0.27926
0.03309 0.27845 0.17998 0.50686
0.15738 0.17837 0.55932 0.10331
0.44229 0.23890 0.09201 0.22518
0.12914 0.26715 0.10573 0.49637
0.05892 0.82244 0.02663 0.09040
0.45359 0.08313 0.05408 0.40759
0.01049 0.96287 0.00888 0.01614
0.01211 0.95722 0.00646 0.02260
0.54560 0.10169 0.14205 0.20904
0.01372 0.38660 0.24859 0.34948
0.13156 0.39709 0.24455 0.22518
0.27926 0.30670 0.19693 0.21550
0.23406 0.17918 0.32042 0.26473
0.13640 0.38741 0.26231 0.21227
0.31558 0.26957 0.20339 0.20985
0.05246 0.84100 0.03551 0.06941
0.06053 0.82889 0.03793 0.07103
0.27522 0.28814 0.08232 0.35270
0.09120 0.18079 0.28975 0.43664
0.13398 0.28491 0.41566 0.16384
0.29217 0.23245 0.34705 0.12672
0.21065 0.35513 0.25989 0.17272
0.21469 0.52058 0.15335 0.10977
0.27845 0.23890 0.18967 0.29136
0.04278 0.82970 0.04600 0.07990
0.06780 0.72801 0.06134 0.14124

>SP140 SP140_CHS_CHS
0.16153 0.32306 0.15290 0.36252
0.43033 0.12577 0.31689 0.12700
0.01850 0.67694 0.06658 0.23798
0.08631 0.02343 0.06782 0.82244
0.25894 0.16769 0.43157 0.14180
0.04686 0.57337 0.01603 0.36375
0.38101 0.13317 0.16276 0.32306
0.00740 0.54747 0.05179 0.39334
0.25894 0.10481 0.15290 0.48335
0.08138 0.43280 0.41800 0.06782
0.18126 0.26017 0.38718 0.17139
0.42663 0.10111 0.18249 0.28977
0.15906 0.17016 0.37608 0.29470
0.14550 0.23305 0.28360 0.33785
0.03453 0.76819 0.09248 0.10481
0.21578 0.21455 0.09371 0.47596
0.21455 0.11837 0.56720 0.09988
0.34772 0.06535 0.25277 0.33416
0.17016 0.04192 0.51295 0.27497
0.28483 0.32306 0.22688 0.16523
0.11221 0.23798 0.33046 0.31936
0.61282 0.02343 0.22565 0.13810
0.09371 0.23551 0.32059 0.35018
0.49692 0.02219 0.35758 0.12330
0.46609 0.18002 0.18866 0.16523
0.48582 0.08138 0.27744 0.15536
0.36128 0.12207 0.15290 0.36375
0.58940 0.13933 0.20838 0.06289
0.06412 0.30703 0.18249 0.44636
0.50801 0.16030 0.18002 0.15166

>SP140 SP140_CHS_GHTS
0.24784 0.16276 0.35142 0.23798
0.23305 0.23181 0.29963 0.23551
0.26264 0.23674 0.22318 0.27744
0.24414 0.15906 0.33046 0.26634
0.16523 0.24908 0.08385 0.50185
0.18496 0.20099 0.37238 0.24168
0.19359 0.29593 0.30086 0.20962
0.29100 0.19482 0.07891 0.43527
0.06658 0.11221 0.26880 0.55240
0.17633 0.13194 0.38471 0.30703
0.04686 0.67941 0.05302 0.22072
0.39211 0.07891 0.09741 0.43157
0.20222 0.46732 0.25401 0.07645
0.51048 0.07275 0.05302 0.36375
0.09494 0.16523 0.43403 0.30580
0.40567 0.24661 0.27990 0.06782
0.25031 0.40937 0.14180 0.19852
0.42663 0.45499 0.06042 0.05795
0.05302 0.20715 0.24168 0.49815
0.21825 0.07028 0.39088 0.32059
0.25524 0.05302 0.11961 0.57213
0.45623 0.04562 0.37115 0.12700
0.80148 0.10111 0.04439 0.05302
0.17633 0.03576 0.14550 0.64242
0.31566 0.31689 0.21208 0.15536
0.50678 0.26017 0.18496 0.04809
0.29346 0.45499 0.02959 0.22195
0.41430 0.02096 0.51295 0.05179
0.24291 0.45499 0.16893 0.13317
0.09248 0.59063 0.07398 0.24291

>SP140 SP140_GHTS_CHS
0.92590 0.02865 0.02865 0.01681
0.01681 0.02865 0.93774 0.01681
0.01681 0.02865 0.02865 0.92590
0.01681 0.02865 0.93774 0.01681
0.01681 0.93774 0.02865 0.01681
0.92590 0.02865 0.02865 0.01681
0.01681 0.02865 0.93774 0.01681
0.01681 0.02865 0.02865 0.92590
0.01681 0.02865 0.93774 0.01681
0.01681 0.02865 0.93774 0.01681
0.01681 0.93774 0.02865 0.01681
0.01681 0.02865 0.93774 0.01681
0.01681 0.02865 0.02865 0.92590
0.01681 0.02865 0.93774 0.01681
0.92590 0.02865 0.02865 0.01681
0.01681 0.02865 0.02865 0.92590
0.01681 0.93774 0.02865 0.01681
0.01681 0.02865 0.02865 0.92590
0.01681 0.93774 0.02865 0.01681
0.92590 0.02865 0.02865 0.01681
0.01681 0.02865 0.93774 0.01681
0.01681 0.93774 0.02865 0.01681
0.01681 0.02865 0.02865 0.92590
0.01681 0.93774 0.02865 0.01681
0.92590 0.02865 0.02865 0.01681
0.01681 0.93774 0.02865 0.01681
0.01681 0.02865 0.02865 0.92590
0.01681 0.02865 0.93774 0.01681
0.01681 0.93774 0.02865 0.01681
0.92590 0.02865 0.02865 0.01681

>SP140 SP140_GHTS_GHTS
0.01687 0.63379 0.05700 0.29234
0.88437 0.00084 0.02010 0.09469
0.12444 0.14244 0.72187 0.01125
0.07197 0.43312 0.03133 0.46358
0.02843 0.10340 0.71571 0.15246
0.48941 0.37372 0.13685 0.00002
0.01239 0.98595 0.00164 0.00002
0.00002 0.00004 0.99992 0.00002
0.17819 0.21533 0.46733 0.13915
0.18890 0.56722 0.15060 0.09328
0.46527 0.13148 0.31030 0.09295
0.26063 0.34248 0.19883 0.19806
0.23096 0.46314 0.15876 0.14714

>ZNF362 ZNF362_CHS_CHS
0.84059 0.05191 0.05792 0.04957
0.28979 0.04919 0.61758 0.04344
0.85179 0.04711 0.05387 0.04723
0.07423 0.73272 0.10231 0.09074
0.07550 0.30155 0.02523 0.59772
0.05166 0.79342 0.06405 0.09086
0.11862 0.42611 0.01865 0.43661
0.17022 0.01347 0.79222 0.02409
0.09112 0.06108 0.02118 0.82662
0.05413 0.87815 0.01410 0.05362
0.07676 0.02618 0.01467 0.88239
0.09820 0.82523 0.01720 0.05937
0.67961 0.08037 0.01423 0.22580
0.88612 0.03339 0.04388 0.03661
0.75922 0.15302 0.01448 0.07328
0.81284 0.05899 0.00892 0.11925
0.93184 0.00759 0.01012 0.05046
0.95036 0.03364 0.00632 0.00967
0.98761 0.00506 0.00259 0.00474
0.98893 0.00367 0.00373 0.00367
0.98786 0.00348 0.00367 0.00500
0.93013 0.00354 0.00164 0.06469
0.98615 0.00569 0.00386 0.00430
0.93298 0.06032 0.00411 0.00259
0.98641 0.00670 0.00411 0.00278
0.98938 0.00379 0.00405 0.00278
0.98780 0.00436 0.00594 0.00190
0.98596 0.00531 0.00544 0.00329
0.98312 0.00474 0.00727 0.00487
0.96763 0.00544 0.00860 0.01834

>ZNF362 ZNF362_CHS_GHTS
0.01334 0.01751 0.01176 0.95738
0.00740 0.01340 0.00948 0.96971
0.00645 0.01302 0.00626 0.97427
0.00746 0.00645 0.00525 0.98084
0.00790 0.00544 0.00424 0.98242
0.00645 0.00474 0.00417 0.98464
0.00278 0.00367 0.00411 0.98944
0.00253 0.00322 0.00430 0.98995
0.00221 0.00322 0.00322 0.99134
0.00190 0.00367 0.00285 0.99159
0.00247 0.00247 0.00575 0.98931
0.00234 0.00430 0.04110 0.95226
0.00398 0.00386 0.00449 0.98767
0.04451 0.00259 0.00266 0.95024
0.00550 0.00575 0.00462 0.98413
0.00721 0.00803 0.01321 0.97155
0.01909 0.00550 0.01713 0.95827
0.02580 0.01056 0.38840 0.57524
0.42956 0.01404 0.01726 0.53914
0.11646 0.01878 0.44531 0.41945
0.45991 0.01928 0.16382 0.35698
0.05735 0.29590 0.05880 0.58795
0.41673 0.01998 0.25752 0.30577
0.06835 0.03338 0.84263 0.05564
0.85199 0.01442 0.07132 0.06228
0.05811 0.01543 0.87822 0.04824
0.45296 0.02314 0.04160 0.48230
0.01625 0.90206 0.01037 0.07132
0.23495 0.02282 0.24893 0.49330
0.08991 0.30684 0.39858 0.20467

>ZNF362 ZNF362_GHTS_CHS
0.06209 0.86281 0.03079 0.04431
0.10506 0.52943 0.00056 0.36495
0.30037 0.03079 0.63698 0.03186
0.03186 0.07348 0.03079 0.86387
0.03186 0.93573 0.00056 0.03186
0.06209 0.00056 0.00056 0.93680
0.00162 0.84503 0.06103 0.09232
0.77317 0.07348 0.03079 0.12256
0.87633 0.06103 0.06103 0.00162
0.93680 0.03079 0.03079 0.00162
0.93680 0.00056 0.03079 0.03186
0.96703 0.00056 0.00056 0.03186
0.96703 0.00056 0.00056 0.03186
0.99726 0.00056 0.00056 0.00162
0.99726 0.00056 0.00056 0.00162
0.99726 0.00056 0.00056 0.00162
0.99726 0.00056 0.00056 0.00162
0.99726 0.00056 0.00056 0.00162
0.99726 0.00056 0.00056 0.00162
0.99726 0.00056 0.00056 0.00162
0.99726 0.00056 0.00056 0.00162
0.99726 0.00056 0.00056 0.00162
0.99726 0.00056 0.00056 0.00162
0.96703 0.03079 0.00056 0.00162

>ZNF362 ZNF362_GHTS_GHTS
0.02222 0.06667 0.04444 0.86667
0.03333 0.01111 0.07778 0.87778
0.01111 0.06667 0.08889 0.83333
0.02222 0.02222 0.03333 0.92222
0.01111 0.02222 0.10000 0.86667
0.05556 0.01111 0.05556 0.87778
0.01111 0.01111 0.03333 0.94444
0.01111 0.01111 0.10000 0.87778
0.02222 0.01111 0.07778 0.88889
0.01111 0.02222 0.04444 0.92222
0.01111 0.01111 0.10000 0.87778
0.01111 0.02222 0.10000 0.86667
0.04444 0.03333 0.03333 0.88889
0.01111 0.02222 0.10000 0.86667
0.01111 0.03333 0.08889 0.86667
0.01111 0.01111 0.01111 0.96667
0.03333 0.01111 0.11111 0.84444
0.03333 0.05556 0.03333 0.87778
0.04444 0.02222 0.06667 0.86667
0.03333 0.02222 0.14444 0.80000
0.03333 0.01111 0.72222 0.23333
0.65556 0.01111 0.03333 0.30000
0.04444 0.05556 0.75556 0.14444
0.64444 0.07778 0.18889 0.08889
0.02222 0.72222 0.05556 0.20000
0.51111 0.02222 0.33333 0.13333
0.16667 0.03333 0.71111 0.08889
0.52222 0.06667 0.20000 0.21111
0.06667 0.10000 0.80000 0.03333
0.20000 0.03333 0.07778 0.68889

>ZNF407 ZNF407_CHS_CHS
0.24706 0.21347 0.42250 0.11697
0.08335 0.50581 0.34357 0.06727
0.05704 0.00007 0.36110 0.58179
0.96182 0.00007 0.03807 0.00004
0.04681 0.84784 0.00007 0.10528
0.04681 0.00299 0.95016 0.00004
0.01027 0.00007 0.98963 0.00004
0.25875 0.24125 0.24417 0.25583
0.25583 0.01615 0.59936 0.12866
0.15497 0.15939 0.60082 0.08481
0.00734 0.74114 0.22663 0.02488
0.03658 0.67390 0.10823 0.18128
0.06873 0.32749 0.48535 0.11843
0.24414 0.20032 0.47512 0.08043
0.16813 0.25440 0.45758 0.11990
0.34207 0.17109 0.34649 0.14036
0.31722 0.13893 0.41957 0.12428
0.12720 0.06585 0.77476 0.03219
0.14182 0.08631 0.68267 0.08920
0.13451 0.19447 0.55112 0.11989
0.24413 0.38449 0.16232 0.20906
0.09358 0.68852 0.12724 0.09066
0.51016 0.15355 0.24563 0.09066
0.36984 0.21055 0.26756 0.15205

>ZNF407 ZNF407_CHS_GHTS
0.25995 0.19810 0.43327 0.10868
0.23933 0.23111 0.41264 0.11693
0.08667 0.48003 0.35213 0.08117
0.05642 0.02482 0.38926 0.52950
0.99984 0.00007 0.00007 0.00003
0.00003 0.88847 0.00007 0.11143
0.05367 0.01519 0.93111 0.00003
0.01379 0.00007 0.98337 0.00278
0.26133 0.24899 0.21460 0.27508
0.25033 0.00007 0.63268 0.11693
0.15406 0.11971 0.64643 0.07980
0.00691 0.78258 0.19260 0.01791
0.03716 0.65606 0.12384 0.18294
0.06329 0.32462 0.49790 0.11418
0.27096 0.21598 0.44427 0.06880
0.18019 0.23798 0.48278 0.09905
0.34522 0.17472 0.34250 0.13756
0.29709 0.14859 0.41401 0.14031
0.11830 0.06745 0.77845 0.03579
0.12931 0.12796 0.63955 0.10318
0.17056 0.22148 0.48140 0.12656
0.22145 0.36863 0.19673 0.21320
0.11555 0.60105 0.16922 0.11418
0.44286 0.19123 0.26274 0.10318

>ZNF407 ZNF407_GHTS_CHS
0.17006 0.24295 0.36839 0.21861
0.21861 0.25510 0.34410 0.18219
0.22670 0.31174 0.28746 0.17410
0.29549 0.19439 0.37244 0.13769
0.23075 0.19844 0.43313 0.13769
0.07699 0.48572 0.32388 0.11341
0.10936 0.18226 0.22676 0.48161
0.99953 0.00018 0.00018 0.00012
0.01225 0.92271 0.00422 0.06081
0.02439 0.00422 0.97127 0.00012
0.00012 0.00018 0.99959 0.00012
0.41687 0.13370 0.17011 0.27931
0.37641 0.00018 0.50596 0.11746
0.13364 0.09728 0.70017 0.06890
0.01225 0.79324 0.19035 0.00416
0.03248 0.71230 0.05278 0.20244
0.02439 0.34007 0.49786 0.13769
0.46948 0.08919 0.36029 0.08104
0.16196 0.28747 0.46144 0.08913
0.50184 0.10133 0.30365 0.09318
0.42497 0.09324 0.31982 0.16196
0.08509 0.02850 0.86607 0.02035
0.09722 0.06087 0.76896 0.07295
0.11746 0.16607 0.56259 0.15388
0.24289 0.34411 0.09324 0.31976
0.14579 0.72040 0.08110 0.05272
0.71224 0.09728 0.12562 0.06485
0.40878 0.17011 0.21059 0.21052
0.30359 0.17011 0.26318 0.26312
0.18624 0.38052 0.17417 0.25907

>ZNF407 ZNF407_GHTS_GHTS
0.06109 0.45338 0.30225 0.18328
0.10932 0.16077 0.28296 0.44695
0.97749 0.00643 0.00965 0.00643
0.01286 0.84566 0.00643 0.13505
0.01286 0.00965 0.97106 0.00643
0.00643 0.00322 0.98392 0.00643
0.39228 0.13505 0.14469 0.32797
0.33441 0.00643 0.55305 0.10611
0.13826 0.09325 0.70740 0.06109
0.01286 0.72990 0.18006 0.07717
0.03215 0.65916 0.12219 0.18650
0.03215 0.31833 0.53698 0.11254
0.40193 0.09968 0.33119 0.16720
0.14469 0.26367 0.50482 0.08682
0.49518 0.10611 0.30868 0.09003
0.38264 0.08682 0.30868 0.22186
0.08360 0.02894 0.86495 0.02251
0.07395 0.06752 0.76849 0.09003
0.11897 0.16077 0.50482 0.21543
0.24116 0.31190 0.14791 0.29904
0.17042 0.62701 0.15113 0.05145
0.63023 0.08039 0.13183 0.15756
0.36013 0.14469 0.30225 0.19293
0.32154 0.15434 0.27974 0.24437
0.17363 0.36013 0.14148 0.32476
0.18971 0.30868 0.33762 0.16399
0.26688 0.21222 0.34727 0.17363
0.21865 0.29260 0.22830 0.26045
0.19936 0.21222 0.40514 0.18328
0.21222 0.23151 0.36013 0.19614

